102.244
103.817
105.391
106.965
108.538
110.112
111.686
113.259
114.833
116.407
117.98
119.554
121.128
122.701
124.275
125.849
127.422
128.996
130.57
132.143
133.717
135.291
136.864
138.438
140.012
141.586
143.159
144.733
146.307
147.88
149.454
151.027
152.602
154.175
155.749
157.323
158.896
160.47
162.044
163.618
165.191
166.765
168.339
169.912
171.485
173.059
174.633
176.206
177.78
179.354
180.927
182.501
184.075
185.649
187.222
188.796
174.282
175.253
165.576
156.261
156.946
150.023
147.423
144.823
142.224
139.624
137.024
134.424
131.824
129.224
126.624
124.024
121.424
118.825
116.225
113.625
111.025
108.425
105.825
103.226
100.626
98.0258
95.426
92.8259
90.2262
87.6263
85.0265
82.4264
79.8269
77.2265
74.627
72.0271
69.4271
66.8272
64.2277
61.6278
70.8157
68.6575
74.3021
79.6812
77.7323
81.3585
81.8166
82.2749
82.7335
83.1917
83.6499
84.1082
84.5664
85.0248
85.4833
85.9415
86.3999
86.8581
87.3165
87.7746
88.233
88.6913
89.1497
89.6081
90.0665
90.5245
90.983
91.4411
91.8994
92.3579
92.8163
93.2743
93.7326
94.1913
94.6494
95.108
95.5661
96.0243
96.4827
96.9409
97.3991
97.8573
98.3159
98.7739
99.2327
99.6906
100.149
100.607
101.066
101.524
101.982
102.44
102.899
103.357
103.815
104.274
104.732
105.19
105.649
106.107
106.565
107.024
107.482
107.94
108.398
108.857
109.315
109.774
110.232
110.69
111.148
111.607
112.065
112.523
112.982
113.44
113.898
114.357
114.815
115.273
115.731
116.19
116.648
117.106
117.565
118.023
118.481
118.94
119.398
119.856
120.315
120.773
121.231
121.69
122.148
122.606
123.065
123.523
123.981
124.439
124.898
125.356
125.814
126.272
126.731
127.189
127.647
128.106
128.565
129.023
129.481
129.939
130.397
130.856
131.314
131.772
132.231
132.689
133.147
133.605
127.892
128.12
124.261
120.542
120.66
117.859
116.716
115.573
114.43
113.287
112.145
111.002
109.858
108.716
107.573
106.43
105.288
104.145
103.002
101.859
100.716
99.5737
98.431
97.2879
96.1454
95.0026
93.8597
92.7171
91.5742
90.4316
89.2884
88.1459
87.0028
85.8603
84.7172
83.5745
82.432
81.2887
80.1464
79.0035
77.8608
76.7179
75.5753
74.4324
73.2895
72.1468
71.004
69.8612
68.7184
67.5753
66.4327
65.2899
64.1471
63.0043
61.8615
60.7188
59.576
58.4334
57.2904
56.1476
55.0049
53.862
52.7194
51.5764
50.4336
49.2908
48.1481
47.0053
45.8626
44.7196
63.0551
62.6422
75.1224
87.1636
87.0966
96.2419
100.152
104.062
107.973
111.884
115.794
119.705
123.615
127.525
131.436
135.346
139.257
143.167
147.078
150.989
154.899
158.81
162.72
166.631
170.541
174.452
178.362
182.272
186.183
190.093
194.004
197.915
201.825
205.736
209.646
213.557
217.467
221.377
225.289
229.199
233.109
237.02
240.93
244.841
248.751
252.662
256.572
260.483
264.394
268.303
272.214
276.125
280.036
283.947
287.857
291.767
278.329
281.589
273.366
265.534
268.486
263.233
262.643
262.053
261.463
260.872
260.281
259.692
259.102
258.511
257.92
257.33
256.74
256.149
255.559
254.969
254.379
253.788
253.198
252.607
252.018
251.427
250.837
250.246
249.655
249.066
248.475
247.885
247.295
246.704
246.113
245.523
244.932
244.343
243.753
243.162
242.572
241.982
241.391
240.801
240.211
239.621
239.03
238.44
237.849
237.259
236.669
236.078
235.488
234.898
234.308
233.716
233.127
232.536
231.946
231.356
230.766
230.175
229.584
228.994
228.404
227.813
227.223
226.633
226.042
225.452
224.862
224.272
223.681
223.091
222.5
221.91
221.32
220.729
220.14
219.549
218.959
218.369
217.778
218.042
217.485
217.492
217.482
216.938
216.8
216.432
216.063
215.694
215.326
214.959
214.589
214.221
213.853
213.485
213.116
212.748
212.38
212.011
211.642
211.274
210.905
210.537
210.169
209.8
209.432
209.063
208.695
208.326
207.958
207.59
207.222
206.853
206.485
206.117
205.748
205.379
205.011
204.643
204.274
203.906
203.537
203.169
202.801
202.433
202.064
201.696
201.328
200.959
200.59
200.222
199.854
199.485
199.116
198.749
198.38
198.012
197.643
197.275
196.906
196.538
196.169
195.802
195.433
195.064
194.696
194.328
193.959
193.59
193.222
192.854
192.485
192.117
191.749
191.38
191.012
190.643
190.274
189.906
189.538
189.17
188.802
188.433
188.064
187.696
187.328
186.96
186.591
186.223
185.854
185.486
185.118
184.749
184.381
184.012
183.382
183.003
182.452
181.907
181.524
181.017
180.581
180.144
179.708
179.272
178.835
178.399
177.963
177.526
177.09
176.653
176.217
175.78
175.344
174.908
174.472
174.035
173.599
173.163
172.726
172.29
171.854
171.418
170.981
170.545
170.108
169.672
169.236
168.799
168.363
167.927
167.491
167.054
166.617
166.181
165.745
165.309
164.872
164.436
164.0
163.563
163.127
162.69
162.254
161.818
161.382
160.945
160.509
160.072
159.636
154.937
154.341
150.923
147.601
146.93
144.242
142.7
141.157
139.615
138.072
136.53
134.988
133.446
131.903
130.361
128.819
127.276
125.734
124.192
122.65
121.107
119.565
118.023
116.48
114.938
113.396
111.853
110.311
108.769
107.227
105.684
104.142
102.6
101.057
99.5153
97.9729
96.4307
94.8882
93.3462
91.804
90.2615
88.719
87.1767
85.6343
84.0924
82.55
81.0078
79.4655
77.923
76.381
74.8386
73.2963
71.7539
70.2119
68.6694
67.1273
65.5848
64.0426
62.5002
68.4899
67.2298
70.9555
74.5112
73.385
75.8206
76.2324
76.6443
77.056
77.4676
77.8794
78.2913
78.7031
79.1146
79.5264
79.9383
80.3502
80.7617
81.1734
81.5853
81.9969
82.4085
82.8204
83.232
83.6438
84.0556
84.4674
84.8791
85.2907
85.7027
86.1144
86.526
86.9377
87.3496
86.6238
86.993
86.6094
86.251
86.6001
86.4109
86.5277
86.6444
86.7611
86.8775
86.9944
87.1109
87.2278
87.3443
87.4608
87.5775
87.6944
87.8108
87.9275
88.0444
88.1608
88.2775
88.394
88.5109
88.6275
88.7443
88.8609
88.9777
89.0941
89.2112
89.3278
89.444
89.5608
89.6775
89.7942
89.9108
90.0273
90.1443
90.2609
90.3776
90.4943
90.6108
90.7276
90.8439
90.9607
91.0772
91.1943
91.3109
91.4275
91.5441
91.6608
91.7775
91.8941
92.0107
92.1274
92.2442
92.3608
92.4774
92.5939
92.7109
92.8274
92.9438
93.0606
93.1772
93.294
93.4106
93.5274
93.6436
93.7604
93.8772
93.9939
94.1106
94.2272
94.3435
94.4609
94.5772
94.6938
94.8107
94.9272
95.044
95.1606
95.2773
95.3936
95.5104
95.6273
95.7437
95.8604
95.9775
96.094
96.2104
96.3271
96.4437
96.5604
96.6771
96.7936
96.9104
97.0269
97.1439
97.2604
97.3769
97.4935
97.6103
97.7268
97.8437
97.9601
98.0768
98.1936
98.3101
98.427
98.5437
98.6603
98.7768
98.8934
99.01
99.1268
99.2437
99.3603
99.4769
99.5934
99.7103
102.762
102.988
105.157
107.26
107.539
109.206
110.084
110.962
111.84
112.718
113.596
114.474
115.352
116.23
117.108
117.986
118.864
119.742
120.619
121.498
122.376
123.254
124.131
125.01
125.888
126.766
127.644
128.522
129.4
130.278
131.156
132.034
132.912
133.79
134.668
135.546
136.424
137.302
138.179
139.058
139.936
140.814
141.692
142.57
143.448
144.326
145.204
146.082
146.959
147.838
148.716
149.594
150.472
151.35
152.228
153.106
153.984
154.862
155.739
156.618
157.496
158.373
159.252
160.13
161.008
161.886
162.764
163.642
164.52
165.398
166.276
167.154
168.032
168.91
169.788
170.666
171.544
172.422
173.3
174.178
175.056
175.934
176.812
177.69
178.568
179.446
180.324
181.202
182.08
182.958
183.835
184.714
185.591
186.47
187.347
188.226
189.104
189.982
190.86
191.738
192.616
193.494
194.372
195.25
196.128
197.006
197.884
198.762
199.64
200.518
201.396
202.274
203.151
204.03
204.908
205.786
206.664
207.542
208.42
209.298
210.176
211.054
211.932
200.822
201.251
193.745
186.509
186.724
181.271
179.039
176.806
174.575
172.343
170.111
167.879
165.647
163.414
161.183
158.95
156.719
154.487
152.255
150.023
147.79
145.558
143.327
141.094
138.862
136.63
134.398
132.166
129.934
127.703
125.47
123.238
121.006
118.774
116.542
114.31
112.078
109.846
107.614
105.382
103.15
100.918
98.6861
96.4542
94.222
91.99
89.758
87.5259
85.2944
83.0622
80.8298
78.5976
76.3661
74.134
71.9019
69.67
77.8972
76.0571
81.1399
85.9875
84.3333
87.6255
88.1068
88.5886
89.0698
89.5512
90.0329
90.5141
90.9957
91.4771
91.9587
92.4399
92.9216
93.4028
93.8843
94.3662
94.8474
95.3287
95.8103
96.2917
96.7729
97.2547
97.736
98.2175
98.699
99.1803
99.6618
100.143
100.625
101.106
101.588
102.069
102.55
103.032
103.514
103.995
104.476
104.958
105.439
105.921
106.402
106.884
107.365
107.847
108.328
108.81
109.291
109.773
110.254
110.735
111.217
111.698
112.18
112.661
113.143
113.624
114.105
114.587
115.069
115.55
116.031
116.513
116.994
117.475
117.957
118.439
118.92
119.402
119.883
120.364
120.846
121.327
121.809
122.29
122.772
123.253
123.735
124.216
124.698
125.179
125.66
126.142
126.623
127.105
127.586
128.068
128.549
129.031
129.512
129.994
130.475
130.956
131.438
131.919
132.401
132.882
133.364
133.846
134.326
134.808
135.289
135.771
136.253
136.734
137.3
137.784
138.324
138.863
139.349
139.874
140.378
140.881
141.385
141.888
142.391
142.895
143.398
143.901
144.405
144.908
145.411
145.914
146.418
146.921
147.424
147.927
148.431
148.934
149.437
149.94
150.444
150.947
151.451
151.954
152.457
152.96
153.464
153.967
154.47
154.974
155.476
155.98
156.483
156.986
157.49
157.993
158.497
159.0
159.503
160.006
160.51
161.013
161.516
162.02
162.523
163.026
163.529
164.032
164.536
165.039
165.543
166.046
166.549
167.052
167.555
168.058
168.562
169.065
169.568
170.072
170.575
171.078
171.582
172.085
172.588
173.092
173.595
174.098
174.601
175.105
175.608
176.111
176.614
177.118
177.621
178.124
178.628
179.131
179.634
180.137
180.641
181.144
181.648
182.151
182.654
183.157
183.661
184.163
184.667
185.17
185.674
186.178
186.68
187.183
187.686
188.19
188.693
189.197
189.7
190.203
190.706
191.21
191.713
192.216
192.72
193.223
193.726
194.23
194.732
195.237
195.739
196.243
196.746
197.249
197.752
198.256
198.759
199.262
199.766
200.269
200.772
201.276
201.779
202.282
202.785
203.288
203.792
204.295
204.799
205.301
205.805
206.308
206.812
207.315
207.818
208.322
208.825
209.328
209.832
210.335
210.838
211.341
211.844
212.348
212.851
206.057
206.287
201.688
197.252
197.351
194.001
192.612
191.221
189.832
188.442
187.053
185.662
184.273
182.883
181.493
180.104
178.714
177.324
175.934
174.545
173.155
171.765
170.376
168.985
167.596
166.206
164.816
163.427
162.037
160.647
159.257
157.867
156.478
155.088
153.698
152.309
150.919
149.529
148.139
146.75
145.36
143.97
142.58
141.191
139.801
138.411
137.021
135.632
134.242
132.852
131.462
130.072
128.683
127.293
125.903
124.513
123.124
121.734
120.344
122.515
121.259
122.359
123.38
122.186
122.678
122.211
121.745
121.279
120.813
120.347
119.882
119.415
118.95
118.483
118.017
117.551
117.085
116.619
116.154
115.688
115.221
114.756
114.289
113.824
113.358
112.892
112.425
111.96
111.493
111.028
110.561
110.095
109.63
109.164
108.698
108.232
107.766
107.3
106.834
106.367
105.902
105.436
104.97
104.503
104.038
103.572
103.106
102.639
102.174
101.708
101.242
100.776
100.31
99.8437
99.3778
98.9118
98.4457
97.98
97.5136
97.0481
96.5817
96.1155
95.6498
95.1837
94.718
94.2519
93.7859
93.32
92.8537
92.3878
91.9218
91.4558
90.9899
90.5238
90.0578
89.5917
89.1257
88.6599
88.1936
87.7281
87.2619
86.7962
86.3297
85.8638
85.3981
84.932
84.4657
84.0
83.5339
83.0681
82.6018
82.136
81.6701
81.2041
80.738
80.2722
79.8062
79.3399
78.8739
78.4079
77.9421
77.4758
83.5502
83.3291
87.4371
91.3982
91.2932
94.2815
95.5123
96.7429
97.9736
99.2042
100.435
101.666
102.897
104.127
105.358
106.588
107.819
109.05
110.281
111.511
112.742
113.973
115.204
116.434
117.665
118.896
120.126
121.357
122.587
123.818
125.049
126.279
127.511
128.741
129.972
131.202
132.433
133.664
134.894
136.125
137.356
138.586
139.817
141.048
142.279
143.51
144.74
145.971
147.202
148.432
149.663
150.894
152.125
153.355
154.586
155.816
157.047
158.278
159.508
160.739
161.97
163.2
164.431
165.662
166.893
168.124
169.354
170.585
171.816
173.046
174.277
175.508
176.738
177.969
179.2
180.43
181.661
182.892
184.123
185.353
186.584
187.815
189.045
190.276
191.507
192.738
193.968
195.198
196.43
197.66
198.891
200.122
201.353
202.583
203.814
205.044
206.276
207.506
208.737
209.967
211.198
212.429
213.66
214.89
216.121
217.352
218.582
219.813
221.044
222.275
223.505
224.736
225.967
227.197
228.428
229.658
230.889
232.12
233.351
234.581
235.812
237.043
238.274
239.504
240.735
241.966
243.197
244.427
245.658
246.889
229.973
230.523
219.063
208.011
208.24
199.886
196.408
192.931
189.455
185.977
182.5
179.023
175.546
172.068
168.592
165.115
161.637
158.161
154.683
151.206
147.729
144.252
140.775
137.298
133.821
130.344
126.867
123.39
119.913
116.436
112.959
109.481
106.004
102.527
99.0496
95.573
92.0956
88.6186
85.1417
81.6642
78.1876
74.7103
71.2333
67.7561
76.4318
73.41
78.4322
83.181
80.3753
83.3163
82.9925
82.668
82.3436
82.0194
81.695
81.371
81.0463
80.7221
80.3978
80.0737
79.749
79.4248
79.1007
78.776
78.452
78.1275
77.8033
77.4792
77.1547
76.8305
76.5062
76.182
75.8577
75.5334
75.2088
74.8847
74.5601
74.236
73.9117
73.5874
73.2631
72.9386
72.6143
72.2901
71.9659
71.6418
71.3173
70.993
70.6687
70.3444
70.0201
69.6957
69.3712
69.0472
68.7229
68.3984
68.0741
67.7497
67.4256
67.1012
66.777
66.4527
66.1283
65.8042
65.4797
65.1553
64.8311
64.5069
64.1826
63.8583
63.5339
63.2096
62.8852
62.561
62.2367
61.9124
61.5881
61.2639
60.9395
60.6151
60.2909
59.9665
59.6423
59.3179
58.9936
58.6693
58.3449
58.0207
57.6964
57.3721
57.0478
56.7235
56.3993
56.0749
55.7506
55.4264
55.102
54.7776
54.4534
54.1291
53.8047
53.4804
53.1559
52.8317
52.5076
52.1833
51.8589
51.5346
51.2104
50.8859
50.5618
50.2373
49.9132
49.5889
49.2643
54.2543
54.1292
57.5216
60.7942
60.7633
63.2458
64.3001
65.3546
66.4092
67.4634
68.5175
69.5721
70.6264
71.6806
72.7353
73.7895
74.8439
75.8981
76.9525
78.007
79.0614
80.1155
81.1698
82.2242
83.2786
84.3333
85.3876
86.4419
87.4963
88.5505
89.6047
90.6592
91.7136
92.768
93.8223
94.8767
95.9311
96.9853
98.0398
99.0941
100.149
101.203
102.257
103.312
104.366
105.42
106.475
107.529
108.583
109.638
110.692
111.746
112.801
113.855
114.91
115.964
117.018
118.073
119.127
120.181
121.236
122.29
123.344
124.399
125.453
126.507
127.562
128.617
129.671
130.725
131.779
132.834
133.888
134.943
135.997
137.051
138.106
139.16
140.214
141.269
142.323
143.378
144.432
145.486
146.541
147.595
148.649
149.704
150.758
151.812
152.866
153.921
154.975
156.03
157.085
158.139
159.193
160.247
161.302
162.356
163.41
164.465
165.519
166.573
167.628
168.682
169.737
170.79
171.845
172.9
173.954
175.008
176.063
177.117
178.171
179.226
180.279
181.334
182.389
183.443
184.497
185.552
186.606
187.661
188.715
189.769
190.824
191.878
192.933
193.987
195.042
196.096
197.15
198.204
199.259
200.313
201.367
202.422
203.476
204.531
205.585
206.639
207.693
208.747
209.803
210.857
211.911
196.324
196.755
186.17
175.961
176.095
168.361
165.098
161.835
158.572
155.309
152.046
148.783
145.52
142.257
138.994
135.731
132.468
129.205
125.942
122.679
119.416
116.153
112.89
109.627
106.364
103.102
99.8382
96.5751
93.3121
90.0491
86.7862
83.5233
80.26
76.9975
73.7344
70.4711
67.2085
63.9454
71.7097
68.8598
73.309
77.5101
74.8563
77.4178
77.0156
76.6133
76.211
75.809
75.4068
75.0046
74.6024
74.2002
73.798
73.396
72.9939
72.5919
72.1896
71.7875
71.3852
70.9829
70.5811
70.1787
69.7768
69.3745
68.9725
68.5701
68.1679
67.7659
67.3639
66.9615
66.5595
66.1574
65.755
65.3528
64.9511
64.5486
64.1467
63.7444
63.3422
62.9401
62.538
62.1357
61.7337
61.3316
60.9295
60.5273
60.125
59.723
59.3206
58.9187
58.5166
58.1144
57.7121
57.3101
56.9078
56.5057
56.1036
55.7014
55.2992
54.897
54.495
54.0927
53.6906
53.2883
52.8863
52.4842
52.082
51.6799
51.2775
50.8755
50.4734
50.0715
49.6693
49.267
48.8647
48.4626
48.0606
47.6583
47.2562
46.8541
46.4519
46.0498
45.6477
45.2456
44.8434
44.4411
44.0389
43.6368
43.2347
42.8325
48.2078
48.0221
51.6608
55.1691
55.0861
57.7355
58.8322
59.9288
61.0256
62.1224
63.2191
64.3157
65.4125
66.5091
67.606
68.7025
69.7995
70.896
71.9926
73.0893
74.1861
75.2829
76.3794
77.4762
78.5732
79.6696
80.7664
81.863
82.9597
84.0567
85.1532
82.5496
83.5078
82.0166
80.6087
81.5009
80.6434
80.78
80.9169
81.0538
81.1903
81.3272
81.4639
81.6005
81.7372
81.8741
82.0109
82.1476
82.2841
82.4211
82.5578
82.6946
82.8311
82.9682
83.1047
83.2416
83.3783
83.5152
83.6517
83.7883
83.9253
84.0622
84.1985
84.3356
84.472
84.609
84.7456
84.8826
85.0194
85.1561
85.2927
85.4295
85.5662
85.7028
85.8397
85.9764
86.1131
86.2499
86.3868
86.5234
86.6599
86.7971
86.9336
87.0708
87.2071
87.3437
87.4805
87.6172
87.7541
87.8908
88.0276
88.1643
88.3008
88.4379
88.5748
88.7112
88.8479
88.9846
89.1218
89.2582
89.3949
89.5319
89.6687
89.8053
89.9419
90.0786
90.2155
90.3522
90.489
90.6255
90.7625
90.8993
91.0361
91.1728
91.3093
91.4462
91.583
91.7198
91.8564
91.9931
92.1299
92.2666
92.4033
92.5402
92.6769
92.8137
92.9503
93.0873
93.2237
93.3606
93.4975
93.6339
93.7707
93.9077
94.0441
94.1812
94.3178
94.4546
94.5915
94.7281
94.8648
95.0018
95.138
95.2751
95.4117
95.5487
95.6851
95.8216
99.4697
99.7379
102.33
104.843
105.174
107.165
108.212
109.26
110.307
111.355
112.403
113.45
114.498
115.545
116.593
117.64
118.688
119.735
120.783
121.831
122.878
123.926
124.974
126.021
127.069
128.116
129.163
130.211
131.259
132.307
133.354
134.402
135.449
136.496
137.544
138.591
139.639
140.687
141.734
142.782
143.829
144.877
142.904
143.839
142.774
141.777
142.658
142.11
142.374
142.638
142.902
143.166
143.43
143.694
143.958
144.222
144.486
144.75
145.014
145.278
145.542
145.806
146.07
146.334
146.598
146.862
147.126
147.39
147.653
147.918
148.182
148.446
148.71
148.974
149.238
149.502
149.766
150.03
150.294
150.557
150.822
151.086
151.35
151.613
151.877
152.142
152.405
152.669
152.934
153.197
153.462
153.726
153.989
154.253
154.518
154.781
155.046
155.309
155.573
155.837
156.101
156.365
156.629
156.893
157.157
157.421
157.685
157.949
158.214
158.477
158.741
159.005
159.269
159.533
159.797
160.061
160.325
160.589
160.853
161.117
161.381
161.645
161.909
162.173
162.437
162.701
162.965
163.229
163.493
163.757
164.021
164.285
164.548
164.813
165.077
165.341
165.605
165.869
166.132
166.397
166.661
166.925
167.189
167.453
167.717
167.98
168.245
168.509
168.773
169.037
169.3
169.564
169.828
170.092
170.357
170.62
170.885
171.148
171.413
171.676
171.941
172.204
172.468
172.732
172.997
173.26
173.525
172.973
173.207
172.902
172.614
172.832
172.667
172.719
172.772
172.825
172.877
172.93
172.983
173.035
173.087
173.14
173.193
173.246
173.298
173.35
173.403
173.456
173.508
173.561
173.614
173.666
173.719
173.772
173.824
173.876
173.93
173.983
174.035
174.087
174.14
174.193
174.245
174.298
174.35
174.403
174.456
174.509
174.561
174.614
174.666
174.719
174.772
174.825
174.877
174.929
174.982
175.035
175.087
175.14
175.193
175.245
175.298
175.35
171.976
171.901
169.557
167.29
167.154
165.397
164.56
163.724
162.888
162.051
161.215
160.379
159.543
158.706
157.87
157.034
156.197
155.361
154.525
153.688
152.852
152.016
151.179
150.343
149.506
148.67
147.834
146.998
146.161
145.325
144.488
143.653
142.816
141.98
141.144
140.307
139.471
138.635
137.798
136.962
136.125
135.289
134.453
133.617
132.78
131.944
131.108
130.271
129.435
128.599
127.762
126.926
126.09
125.254
124.417
125.417
124.649
125.097
125.503
124.769
124.902
124.542
124.182
123.822
123.462
123.102
122.742
122.382
122.022
121.663
121.302
120.942
120.582
120.222
119.863
119.502
119.143
118.783
118.423
118.062
117.703
117.342
116.983
116.622
116.263
115.903
115.543
115.183
114.823
114.463
114.103
113.743
113.383
113.023
112.663
112.303
111.943
111.583
111.223
110.863
110.503
110.143
109.783
109.423
109.063
108.785
108.428
108.124
107.82
107.464
107.147
106.808
106.47
106.131
105.792
105.453
105.115
104.776
104.437
104.098
103.759
103.42
103.082
102.743
102.404
102.065
101.726
101.387
101.049
100.71
100.371
100.032
99.6932
99.3546
99.0157
98.6769
98.3382
97.9992
97.6605
97.3214
96.9826
96.6439
96.3052
95.9663
95.6276
95.2886
94.9501
94.6112
94.2722
93.9332
93.5942
93.2559
92.9169
92.5782
92.2392
91.9007
91.5615
91.2229
90.8838
90.5452
90.2062
89.8673
89.5286
89.19
88.8512
88.5121
88.1733
87.8345
87.4959
87.1567
86.8184
86.4793
86.1407
85.8016
85.4631
85.124
84.7853
84.4463
84.1074
83.7686
83.4298
83.0913
82.7522
82.4133
82.0748
81.7359
81.3971
81.058
80.7195
80.3805
80.0415
79.7025
79.3638
79.0249
78.6864
78.3474
78.0087
77.6698
77.3308
76.9922
76.6534
76.3144
75.9756
75.6369
75.298
74.9593
74.6204
74.2817
73.943
73.604
73.2651
72.9263
72.5876
72.2485
71.9098
71.5712
71.2321
70.8933
70.5544
70.2159
69.8767
69.5381
69.1992
68.8605
68.5216
68.1827
70.8743
70.6489
72.4295
74.142
73.9703
75.2322
75.6794
76.1269
76.5744
77.0216
77.4691
77.916
78.3636
78.8109
79.2581
79.7057
80.1527
80.6005
81.0476
81.4949
81.9425
82.3895
82.8371
83.2841
83.7315
84.1793
84.6265
85.0737
85.5211
85.9685
86.4158
86.8629
87.3104
87.7579
88.205
88.6525
89.0998
89.5471
89.9944
90.4419
90.8889
91.3365
91.7837
92.2311
92.6783
93.126
93.5731
94.0204
94.4681
94.915
95.3625
95.8098
96.2574
96.7044
97.1517
97.5991
98.0467
98.494
98.9414
99.3886
99.8356
100.284
100.731
101.178
101.625
102.073
102.52
102.967
103.415
103.862
104.309
104.757
105.204
105.652
106.099
106.546
106.993
107.441
107.888
108.335
108.783
109.23
109.677
110.125
110.572
111.019
111.467
111.914
112.362
112.809
113.256
113.704
114.151
114.598
115.046
115.493
115.94
116.387
116.835
117.283
117.73
118.177
118.625
119.072
119.519
119.966
120.414
120.861
121.308
121.756
122.203
122.651
123.098
123.545
121.66
122.02
120.836
119.704
120.022
119.238
119.079
118.922
118.764
118.606
118.448
118.29
118.132
117.974
117.816
117.659
117.501
117.342
117.185
117.027
116.869
116.711
116.553
116.395
116.238
116.08
115.922
115.764
115.606
115.448
115.29
115.132
114.974
114.816
114.659
114.501
114.343
114.185
114.027
113.869
113.711
113.553
113.396
113.237
113.08
112.922
112.764
112.606
112.448
112.29
112.132
111.975
111.817
111.659
111.501
111.343
111.185
111.028
110.869
110.712
110.554
110.396
110.238
110.08
109.922
109.764
109.606
109.448
109.29
109.132
108.975
108.817
108.659
108.501
108.343
108.185
108.027
107.869
107.712
107.554
107.396
107.238
107.08
106.922
106.764
106.606
106.448
106.291
106.133
105.975
105.817
105.659
105.501
105.343
105.185
105.027
104.87
104.712
104.554
104.396
104.238
104.08
103.922
103.764
103.607
103.449
103.291
103.133
102.975
102.817
102.659
102.502
102.344
102.186
102.028
101.87
101.712
101.554
101.396
101.238
101.08
100.922
100.764
100.607
100.449
100.291
100.133
99.9753
99.817
99.6591
99.5016
99.3433
99.1858
99.0278
98.8698
98.7119
98.5544
98.3964
98.2386
98.0807
97.9225
97.7648
97.6068
97.4489
97.2911
97.1334
96.9756
96.8176
96.6595
96.5018
96.3437
96.1861
96.0281
95.8701
95.7122
95.5545
95.3965
95.2386
95.0806
94.9225
94.7647
94.6072
94.4491
94.2914
94.1332
93.9755
93.8176
93.6597
93.5017
93.3437
93.1862
96.2065
96.1677
98.2325
100.226
100.244
101.764
102.43
103.097
103.764
104.431
105.097
105.764
106.431
107.097
107.764
108.43
109.097
109.764
110.43
111.097
111.763
112.43
113.097
113.763
114.43
115.096
115.763
116.43
117.096
117.763
118.43
119.096
119.763
120.429
121.096
121.763
122.43
123.096
123.763
124.429
125.096
125.762
126.429
127.096
127.763
128.429
129.096
129.763
130.429
131.096
131.763
132.429
133.095
133.762
131.627
132.189
130.896
129.666
130.178
129.365
129.305
129.244
129.184
129.124
129.064
129.003
128.943
128.883
128.823
128.763
128.702
128.642
128.581
128.521
128.461
128.401
128.341
128.281
128.22
128.16
128.1
128.04
127.979
127.919
127.859
127.799
127.739
127.678
127.618
127.558
127.498
127.437
127.377
127.317
127.257
127.196
127.136
127.076
127.016
126.955
126.895
126.835
126.774
126.714
126.654
126.594
126.534
126.473
126.413
126.353
126.293
126.233
126.172
126.112
126.051
125.992
125.931
125.871
125.811
125.751
125.69
125.631
125.57
125.51
125.45
125.389
125.329
125.269
125.209
125.148
125.088
125.028
124.967
124.907
124.847
124.787
124.727
128.271
128.346
130.807
133.186
133.325
135.169
136.044
136.919
137.794
138.669
139.544
140.419
141.294
142.169
143.043
143.918
144.794
145.669
146.544
147.418
148.293
149.168
150.043
150.918
151.794
152.668
153.543
154.418
155.293
156.168
157.043
157.918
152.473
153.111
149.565
146.163
146.688
144.226
143.461
142.696
141.932
141.167
140.402
139.638
138.873
138.108
137.344
136.579
135.815
135.05
134.285
133.521
132.756
131.991
131.226
130.462
129.697
128.932
128.168
127.403
126.638
125.874
125.109
124.344
123.58
122.815
122.05
121.286
120.521
119.757
118.992
118.227
117.462
116.698
115.933
115.168
114.404
113.639
112.874
112.11
111.345
110.581
109.816
109.051
108.287
107.522
106.757
105.992
105.228
104.463
103.699
102.934
102.169
101.404
100.64
99.8754
99.1108
98.3456
97.5813
96.8169
96.0516
95.2873
94.5221
93.7579
92.9932
92.2286
91.4639
90.6992
89.9345
89.1698
88.4053
87.6407
86.8758
86.1113
85.3468
84.5817
83.8172
83.0527
82.2879
81.5232
80.7587
79.9938
79.2293
78.4646
77.7001
76.9352
76.1707
75.4058
74.6412
73.8764
73.1119
72.3474
71.5824
70.8181
75.0258
74.4476
77.1606
79.7618
79.2719
81.1336
81.6588
82.1844
82.7096
83.2352
83.7606
84.2858
84.8113
85.3367
85.8619
86.3875
86.9128
87.4383
87.9637
88.4891
89.0145
89.5399
90.0654
90.5906
91.116
91.6416
92.167
92.6924
93.2176
93.743
94.2684
94.7938
95.3188
95.8444
96.3695
96.8951
97.4206
97.9463
98.4715
98.9971
99.5223
100.048
100.573
101.099
101.624
102.149
102.675
103.2
103.726
104.251
104.776
105.302
105.827
106.352
106.878
107.403
107.929
108.454
108.979
109.503
110.028
110.553
111.077
111.602
112.127
112.652
113.177
113.701
114.226
114.752
115.277
115.802
116.327
116.852
117.376
117.902
118.427
118.951
119.476
120.002
120.526
121.051
121.577
122.101
122.626
123.152
123.676
124.201
124.726
125.252
125.776
126.301
126.826
127.351
127.876
128.401
128.926
129.451
129.976
130.501
131.026
131.55
132.076
132.601
133.126
133.65
134.176
134.701
135.226
135.75
136.276
136.8
137.326
137.85
138.375
138.901
139.425
139.95
140.475
141.001
141.525
142.05
142.575
143.1
143.625
144.15
144.675
145.201
145.725
146.25
146.776
147.299
147.825
148.35
148.875
149.4
149.924
150.45
150.975
151.5
152.025
152.55
153.075
153.6
154.125
154.65
155.175
155.7
156.225
156.75
157.275
157.799
158.324
158.849
159.374
159.899
160.424
160.949
161.475
161.999
162.524
163.049
163.574
164.099
164.623
165.149
165.674
166.199
166.724
167.249
167.773
168.299
168.824
169.349
169.874
170.399
170.924
171.448
171.973
172.498
173.024
173.549
174.074
174.598
175.123
175.649
176.174
176.698
177.224
177.748
178.273
178.798
179.323
179.848
180.373
180.898
181.424
181.948
182.473
182.998
183.524
184.048
184.573
185.098
185.622
186.148
186.673
187.198
187.723
188.248
188.773
189.298
189.823
190.348
190.873
191.398
191.922
192.448
192.972
193.498
194.022
194.548
195.072
195.597
196.123
196.647
197.173
197.697
198.223
198.747
199.272
199.797
200.322
200.847
201.372
201.897
202.422
202.947
203.472
203.997
204.522
205.047
205.572
206.097
206.622
207.146
207.671
208.197
208.721
209.247
209.772
210.297
210.822
211.347
211.872
212.397
212.921
213.446
213.971
214.496
215.022
215.547
216.072
216.596
217.122
217.646
218.171
218.696
219.221
219.746
220.271
220.796
221.321
221.846
222.371
222.896
223.421
223.946
224.471
224.996
225.521
226.046
226.571
227.096
227.621
228.146
228.671
229.196
229.721
230.246
230.77
231.296
231.82
232.345
232.87
233.395
233.921
234.446
234.97
231.768
232.154
230.073
228.075
228.394
226.951
226.509
226.067
225.626
225.183
224.742
224.3
223.858
223.416
222.975
222.533
222.091
221.649
221.207
220.766
220.324
219.882
219.44
218.998
218.556
218.115
217.673
217.23
216.789
216.347
215.905
215.463
215.022
214.58
214.138
213.696
213.254
212.813
212.371
211.928
211.486
211.045
210.603
202.1
201.356
195.276
189.378
188.491
183.791
181.258
178.725
176.192
173.659
171.126
168.593
166.059
163.526
160.992
158.459
155.926
153.393
150.86
148.326
145.793
143.26
140.727
138.194
135.661
133.127
130.594
128.061
125.528
122.995
120.462
117.928
115.395
112.862
110.329
107.795
105.262
102.729
100.196
97.6628
95.1294
92.5959
90.0628
87.5297
84.9966
82.4631
79.9303
77.397
74.8638
72.3306
69.7975
67.2642
64.7311
62.1978
59.6646
57.1315
54.5984
52.0651
49.5321
46.9988
62.4992
60.6418
70.7211
80.3944
78.8573
85.8491
87.9941
90.1395
92.2848
94.4302
96.5756
98.721
100.866
103.012
105.157
107.302
109.448
111.593
113.738
115.884
118.029
120.174
122.32
124.465
126.61
128.756
130.901
133.046
135.192
137.337
139.482
141.627
143.773
145.918
148.064
150.209
152.354
154.5
156.645
158.79
160.936
163.081
165.226
167.371
169.517
171.663
173.808
175.953
178.098
180.243
182.389
184.534
186.68
188.826
190.97
186.262
188.151
185.502
183.01
184.776
183.302
183.669
184.036
184.403
184.771
185.138
185.506
185.873
186.24
186.608
186.975
187.343
187.71
188.077
188.445
188.811
189.18
189.546
189.914
190.281
190.648
191.016
191.383
191.75
192.117
192.485
192.852
193.22
193.587
193.954
194.322
194.689
195.056
195.424
195.791
196.158
196.526
196.893
197.26
197.628
197.995
198.362
198.729
199.097
199.464
199.831
200.199
200.566
200.934
201.301
201.668
202.036
202.403
202.77
203.137
203.505
203.872
204.239
204.607
204.974
205.342
205.708
206.077
206.444
206.811
207.178
207.545
207.913
208.28
208.648
209.015
209.382
209.75
210.117
210.484
210.851
211.219
211.586
211.953
212.321
212.688
213.055
213.423
213.79
214.157
214.525
214.892
215.26
215.626
215.994
216.361
216.728
217.096
206.979
206.952
199.987
193.257
193.046
187.875
185.522
183.169
180.817
178.464
176.111
173.758
171.405
169.053
166.7
164.348
161.995
159.641
157.288
154.936
152.582
150.23
147.877
145.524
143.172
140.819
138.466
136.113
133.76
131.408
129.054
126.702
124.349
121.996
119.643
117.291
114.938
112.585
110.232
107.88
105.526
103.174
100.821
98.4679
96.1149
93.7625
91.4094
89.0569
86.7043
84.3512
81.9981
79.6458
77.2928
74.94
72.5869
70.2344
67.8815
65.5287
63.176
60.8233
58.4705
56.1175
53.7647
51.4119
49.059
46.7064
44.3535
42.0007
90.5642
90.1195
123.377
155.488
155.947
180.487
191.343
202.2
213.056
223.913
234.769
245.626
256.483
267.339
245.539
255.173
243.189
231.942
240.996
234.604
236.989
239.373
241.757
244.142
246.526
248.91
251.296
222.904
224.135
204.996
186.549
187.234
173.364
167.764
162.165
156.565
150.965
145.365
139.766
134.166
128.566
122.967
143.05
138.413
150.776
162.561
158.379
166.345
167.408
168.472
169.535
170.599
171.662
172.726
173.789
174.852
175.916
176.979
178.043
179.106
180.17
181.233
182.296
183.36
184.423
185.487
186.55
187.614
188.677
189.741
190.804
191.868
192.93
193.994
195.058
196.121
197.184
198.248
199.311
200.374
201.438
202.502
203.565
204.629
205.692
206.756
207.819
208.882
209.946
211.009
212.072
213.136
214.2
215.263
216.326
217.39
218.453
219.517
220.58
221.644
222.707
223.77
224.833
225.897
226.961
219.825
220.581
215.911
211.425
212.036
208.769
207.705
206.642
205.578
204.515
203.452
202.387
201.323
200.26
199.196
198.133
197.07
196.006
194.942
193.879
192.815
191.752
190.688
189.624
188.56
187.498
186.434
185.37
184.307
183.243
182.179
181.116
180.052
178.988
177.925
176.861
175.797
174.734
173.671
172.607
171.543
170.48
169.416
168.354
167.289
166.225
165.162
164.099
163.035
161.971
160.908
159.844
158.78
157.717
156.654
155.59
154.526
153.463
152.399
151.336
150.272
149.208
148.145
147.081
146.018
144.954
143.891
142.827
141.763
140.7
139.636
138.573
137.509
136.446
135.382
134.318
133.255
132.191
131.128
130.064
129.001
127.937
126.873
125.809
124.746
123.682
122.619
121.555
120.491
119.428
118.364
117.301
116.237
115.174
114.11
113.047
111.983
110.92
109.856
108.792
107.729
106.665
105.602
104.538
103.475
102.411
101.347
100.283
99.2203
98.1568
98.8168
97.8176
97.9596
98.0627
97.094
96.9411
96.3246
95.7083
95.092
94.4754
93.8592
93.2426
92.6262
92.0102
91.3935
90.777
90.1609
89.5444
88.9282
88.3114
87.6949
87.0786
86.4623
85.8459
85.2296
84.6133
83.9968
83.3803
82.7638
82.1477
81.5311
80.9145
80.2983
79.6819
79.0656
78.4493
77.8323
77.216
76.5996
75.9835
75.3671
74.7504
74.1341
73.5177
72.9016
72.2851
71.6685
71.0521
70.4358
69.8195
69.2028
68.5865
67.9702
67.3536
66.7373
66.121
65.5045
64.8882
64.2716
63.6553
63.0388
62.4225
61.8061
61.1896
60.5734
59.9569
59.3407
58.7242
58.1076
57.4914
56.8748
56.2585
55.6422
67.5919
67.4463
75.6187
83.508
83.5857
89.6063
92.2499
94.8937
97.5372
100.181
102.825
105.469
108.112
110.756
113.399
116.043
118.687
121.33
123.974
126.618
129.261
131.905
134.549
137.193
139.836
142.48
145.124
147.767
150.411
153.055
155.699
158.342
160.986
163.63
166.273
168.917
171.561
174.204
176.848
179.492
182.136
184.779
187.423
190.067
192.711
195.354
197.997
200.641
203.285
205.929
208.572
211.216
213.86
216.503
219.147
221.791
224.434
227.079
229.722
232.366
235.009
237.652
240.297
242.94
245.584
248.227
250.872
253.515
256.159
258.803
261.446
264.09
266.734
251.919
253.909
244.342
235.168
236.848
230.271
228.385
226.499
224.613
222.728
220.842
218.956
217.072
215.185
213.3
211.415
209.529
207.643
205.758
203.872
201.986
200.1
198.215
196.33
194.445
192.558
190.673
188.788
186.902
185.016
183.13
181.244
179.359
177.474
175.587
182.613
181.061
185.407
189.553
188.159
190.98
191.407
191.832
192.258
192.684
193.11
193.536
193.962
194.388
194.814
195.241
195.667
196.093
196.518
196.946
197.371
197.797
198.223
198.649
199.075
199.501
199.927
200.353
200.779
201.206
201.632
202.057
202.484
202.91
203.335
203.762
204.188
204.613
205.04
205.466
205.892
206.318
206.744
207.171
207.597
208.022
208.449
208.874
209.301
209.727
210.152
210.579
211.005
211.431
211.857
212.283
212.709
213.135
213.561
213.987
214.414
214.84
215.266
215.692
216.118
216.544
216.97
217.396
217.822
218.248
218.674
219.1
219.526
219.952
220.378
220.805
221.23
221.656
222.083
222.509
222.935
223.361
223.787
224.213
224.639
225.064
225.491
225.917
226.343
226.77
227.195
227.622
228.047
228.473
228.9
229.326
229.752
230.178
230.604
231.03
231.457
231.882
232.308
232.734
233.16
233.587
234.012
234.438
234.865
235.291
235.717
236.144
236.569
236.995
237.421
232.04
232.248
228.612
225.108
225.213
222.571
221.491
220.41
219.33
218.249
217.169
216.088
215.008
213.927
212.846
211.767
210.685
209.604
208.524
207.444
206.362
205.282
204.201
203.121
202.04
200.96
199.879
198.799
197.718
196.637
195.557
194.476
193.396
192.315
191.235
190.154
189.073
187.993
186.912
185.831
184.751
183.67
182.59
181.509
180.429
179.348
178.267
177.187
176.107
175.026
173.945
172.865
171.784
170.703
169.623
168.542
167.461
166.381
165.3
164.22
163.139
162.059
171.592
170.909
177.251
183.355
182.861
187.386
189.059
190.732
192.405
194.078
195.751
197.424
199.097
200.77
202.443
204.116
205.789
207.461
209.135
210.808
212.481
214.155
215.827
217.5
219.173
220.846
222.519
224.192
225.864
227.538
229.211
230.884
232.557
234.23
235.903
237.576
239.249
240.921
242.595
244.268
245.941
247.613
249.287
250.959
252.633
254.306
255.979
257.651
259.325
260.998
262.67
264.344
241.347
242.096
226.516
211.491
211.801
200.445
195.718
190.99
186.264
181.537
176.81
172.083
167.355
162.628
157.901
153.174
148.447
143.72
138.993
134.266
129.539
124.812
120.085
115.358
110.631
105.904
101.177
96.4505
91.7234
86.9963
82.2694
77.542
72.8152
68.088
63.361
58.6341
53.9067
49.18
44.4532
39.7262
34.9989
30.2722
25.5449
20.818
60.9709
57.9258
84.5872
110.238
107.99
126.967
133.883
140.799
147.715
154.632
161.548
168.464
175.381
182.297
189.213
196.129
203.046
209.962
216.879
223.795
230.711
237.627
244.544
251.46
229.636
235.476
222.291
209.755
215.084
206.82
206.281
205.741
205.2
204.661
204.122
203.581
203.042
202.502
201.962
201.422
200.883
200.343
199.803
199.263
198.724
198.184
197.644
197.104
196.564
196.025
195.485
194.945
194.405
193.865
193.326
192.785
192.246
191.706
191.166
190.627
190.086
189.547
189.007
188.467
187.927
187.388
186.848
186.308
185.769
185.229
184.688
184.149
183.609
183.07
182.53
181.99
181.45
180.911
180.37
179.83
179.291
178.751
178.211
177.671
177.131
176.592
176.052
175.512
174.972
174.433
173.893
173.353
172.813
172.273
171.734
171.194
170.654
170.114
169.574
169.035
168.495
167.955
167.415
166.875
166.336
165.796
165.256
164.716
164.177
163.636
163.097
162.557
162.017
161.478
160.938
160.398
159.858
159.318
158.779
158.239
157.699
157.159
156.62
156.08
155.54
155.0
154.46
153.921
153.38
152.841
152.301
151.761
151.222
150.682
150.142
149.602
149.063
141.843
141.053
135.842
130.781
129.873
125.805
123.532
121.26
118.987
116.715
114.442
112.169
109.897
107.624
105.352
103.079
100.806
98.5337
96.2614
93.9888
91.7162
89.4434
87.1709
84.898
82.6257
80.3531
78.0801
75.8079
73.5352
71.2625
68.99
66.7173
64.4448
62.1722
59.8996
57.6271
55.3544
53.0818
50.8093
48.5367
46.264
43.9913
41.7187
39.4462
56.6399
55.097
66.439
77.3426
76.1449
84.154
86.9317
89.7093
92.487
95.2645
98.042
100.82
103.597
106.375
109.153
111.93
114.708
117.485
120.263
123.041
125.818
128.596
131.374
134.151
136.929
139.706
142.484
145.262
148.039
150.817
153.595
156.372
159.15
161.927
164.705
167.482
170.26
173.038
175.816
178.593
181.37
184.149
186.926
189.704
192.482
195.259
198.036
200.814
203.592
206.369
209.148
211.925
214.702
217.48
220.258
223.036
225.813
228.59
231.368
234.146
236.924
239.701
242.479
225.531
227.569
216.551
205.976
207.664
200.023
197.684
195.344
193.004
190.664
188.324
185.985
183.644
181.305
178.965
176.625
174.286
171.945
169.605
167.266
164.926
162.585
160.246
157.906
155.566
153.227
150.887
148.547
146.207
143.867
141.527
139.187
136.847
134.507
132.167
129.828
127.488
125.148
122.808
120.468
118.129
115.789
113.449
111.109
108.769
106.429
104.089
101.749
99.4095
97.0696
102.062
99.9974
102.786
105.41
103.475
105.008
104.57
104.133
103.695
103.258
102.82
102.383
101.945
101.508
101.071
100.633
100.195
99.7578
99.3205
98.8833
98.4459
98.0081
97.5705
97.1336
96.6958
96.2584
95.8209
95.3836
94.9457
94.5086
94.0712
93.6336
93.1959
92.7585
92.3212
91.8835
91.4458
91.0086
90.5711
90.1335
89.6959
89.2588
88.8214
88.3836
87.9463
87.5091
87.0714
86.6341
86.1965
85.7587
85.3214
84.8841
84.4466
84.0091
83.5717
83.1343
82.6967
82.2592
81.8217
81.3842
80.947
80.5094
80.0717
79.6343
84.5016
84.2629
87.5353
90.6883
90.544
92.908
93.8468
94.7858
95.7246
96.6631
97.6016
98.5406
99.4791
100.418
101.356
102.295
103.234
104.173
105.111
106.05
106.989
107.928
108.867
109.805
110.744
111.682
112.621
113.56
114.499
115.437
116.376
117.315
118.254
119.192
120.131
121.07
122.008
122.948
123.886
124.825
125.764
126.702
127.641
128.579
129.518
130.457
131.396
132.334
133.273
148.183
149.645
160.354
170.749
172.46
180.777
185.34
189.903
194.466
199.03
203.593
208.155
212.719
217.282
221.845
226.409
230.972
235.535
240.098
244.661
249.224
253.788
258.351
262.913
267.477
272.04
276.603
281.166
285.729
290.292
294.856
299.419
303.983
308.545
313.108
317.672
322.234
326.797
331.361
335.924
340.487
345.05
349.613
354.176
358.738
363.303
367.866
372.429
376.992
381.555
386.118
390.681
395.245
399.808
404.371
408.933
413.496
418.061
422.622
427.187
431.749
436.312
440.875
445.439
450.002
454.565
459.128
463.691
468.255
472.818
477.381
454.527
458.061
443.451
429.454
432.504
422.586
420.036
417.487
414.936
412.386
409.837
407.287
404.736
402.187
399.637
397.088
394.537
391.987
389.438
386.888
382.603
379.99
376.226
372.502
369.855
366.389
363.39
360.391
357.389
354.391
351.391
348.392
345.391
342.392
339.391
336.392
333.392
330.391
327.392
324.392
321.393
318.393
315.393
312.393
309.394
306.394
303.394
300.393
297.394
294.394
291.393
288.395
285.395
282.394
279.395
276.395
273.395
270.395
280.458
277.947
284.083
289.924
287.646
291.544
291.934
292.323
292.711
293.1
293.489
293.878
294.267
294.656
295.044
295.433
295.822
296.212
296.601
296.989
297.378
297.767
298.156
298.544
298.934
299.323
299.711
300.1
300.488
300.878
301.267
301.656
302.044
302.433
302.822
303.21
255.634
254.225
221.068
188.991
186.731
161.786
149.731
137.676
125.621
113.566
101.511
89.4568
77.4011
65.3464
53.2913
41.2367
29.1818
17.127
56.4437
46.3141
70.1882
92.9054
83.6878
98.766
100.039
101.311
102.584
103.856
105.129
106.402
107.674
108.947
110.22
111.493
112.765
114.038
115.31
116.583
117.856
119.128
120.401
121.674
122.946
124.219
125.492
126.764
128.037
129.31
130.582
131.855
133.128
134.401
135.673
136.946
138.218
139.491
140.764
142.036
143.309
144.581
145.854
147.127
148.399
149.672
150.945
152.217
153.49
154.763
156.036
157.308
158.581
159.854
161.126
162.399
163.672
164.944
166.217
167.49
168.762
170.035
171.307
172.58
173.852
175.126
176.398
177.67
178.943
180.216
181.488
182.762
184.034
185.306
186.579
187.852
189.125
190.397
191.67
192.942
194.215
195.488
196.76
198.033
199.305
200.578
201.851
203.124
204.396
205.669
206.942
208.214
209.487
210.76
212.032
213.305
214.578
215.85
217.123
216.466
217.666
217.589
217.556
218.722
218.975
219.747
220.519
221.292
222.064
222.836
223.608
224.379
225.151
225.923
226.696
227.468
228.24
229.012
229.783
230.555
231.328
232.1
232.871
233.644
234.416
235.188
235.96
236.732
237.504
238.275
239.048
239.819
240.592
241.364
242.136
242.908
243.68
244.451
245.224
245.996
246.768
247.54
248.313
249.084
249.856
250.628
251.4
252.172
252.944
253.716
254.488
255.26
256.033
256.804
257.576
258.349
259.12
259.892
260.664
261.437
262.209
262.98
263.752
264.525
265.297
266.068
266.841
267.613
268.385
269.156
269.928
270.7
271.473
272.244
273.016
273.788
274.561
275.333
276.104
276.877
277.649
278.421
279.193
279.965
280.736
281.509
282.281
283.053
283.825
284.597
285.369
286.141
286.913
287.685
288.457
289.228
290.001
290.773
291.545
292.316
293.089
293.861
294.634
295.404
296.178
296.949
297.721
298.493
299.265
300.037
300.809
301.582
302.353
303.125
303.898
304.669
305.442
306.213
306.985
307.757
308.529
309.302
310.074
310.845
311.618
312.39
313.162
313.934
314.705
315.477
316.25
317.022
317.794
318.566
319.338
297.701
297.634
282.734
268.338
267.873
256.81
251.769
246.727
241.686
236.643
231.602
226.561
221.519
216.479
211.437
206.396
201.354
196.312
191.271
186.23
181.19
176.147
171.106
166.064
161.024
155.981
150.941
145.899
140.857
135.816
130.775
125.733
120.692
115.651
110.609
105.568
100.526
95.4849
90.4435
85.402
80.3609
75.3194
70.2779
65.2363
60.1955
55.1533
50.1123
45.071
60.2852
56.003
65.1278
73.797
69.8745
75.5314
75.7451
75.9587
76.1721
76.3857
76.5993
76.8129
77.0264
77.2399
77.4535
77.6671
77.8806
78.0941
78.308
78.5215
78.7351
78.9487
79.1623
79.3758
79.5895
79.803
80.0167
80.2301
80.4439
80.6574
80.8709
81.0844
81.2979
81.5116
81.7253
81.939
82.1525
82.3659
82.5793
82.7932
83.0067
83.2201
83.434
83.6473
83.8608
84.0744
84.2883
84.5017
84.7154
84.9289
85.1424
85.3561
85.5697
85.7833
85.9967
86.2102
86.4238
86.6373
86.8509
87.0646
87.2785
87.4919
87.7055
87.9191
88.1326
88.3464
88.5598
88.7735
88.9868
89.2003
89.414
89.6277
89.8411
90.0549
90.2683
90.4819
90.6958
90.9095
91.123
91.336
91.5499
91.7634
91.9767
92.1907
92.4042
92.6179
92.8316
93.045
93.2587
93.472
93.6858
93.899
94.1127
94.3265
94.5401
94.7534
94.9668
95.1807
95.3941
95.6078
95.8214
96.0353
96.2486
94.0972
94.222
92.7817
91.3944
91.4776
90.4417
90.0422
89.642
89.2419
88.842
88.4421
88.042
87.6419
87.242
86.842
86.4423
86.0423
85.6423
85.2423
84.8422
84.4424
84.0423
83.6424
83.2424
82.8423
82.4423
82.0426
81.6425
81.2425
80.8425
80.4425
80.0424
79.6423
79.2424
78.8427
78.4428
78.0428
77.6428
77.2425
76.8426
76.4427
76.0427
75.6428
75.2428
74.8428
74.4428
74.0429
73.6429
73.2429
72.843
72.4429
72.043
71.6431
71.243
70.8429
70.4431
70.043
69.643
69.2432
68.8431
68.4433
68.0432
67.6434
67.2433
66.8434
66.4433
66.0434
65.6433
65.2434
64.8433
64.4435
64.0434
63.6436
63.2434
62.8433
62.4433
62.0435
61.6436
61.2437
60.8435
60.4435
60.0436
59.6435
59.2437
58.8436
58.4438
58.0437
57.6437
57.2438
56.8439
56.444
56.0439
55.6437
55.2438
54.8438
54.444
54.044
53.644
53.2441
52.844
52.444
52.0441
51.6441
51.2441
50.8441
50.4441
50.0442
49.6442
49.2442
48.8442
48.4442
48.0441
47.6444
47.2445
46.8444
46.4444
46.0444
45.6446
45.2445
44.8446
44.4444
44.0445
43.6445
43.2444
42.8445
42.4447
42.0446
41.6447
41.2448
40.8447
71.72
72.492
93.9659
114.735
116.062
132.181
139.895
147.609
155.323
163.036
170.75
178.464
186.178
193.892
201.606
209.32
217.034
224.747
232.461
240.175
247.889
255.602
263.317
271.031
278.745
286.458
294.172
301.886
309.6
317.314
325.028
332.742
340.455
348.169
355.883
363.597
371.31
379.025
386.738
394.452
402.166
101.532
373.049
175.426
167.013
344.077
204.14
277.293
276.449
275.604
274.759
273.914
273.069
272.224
271.38
270.535
269.69
268.845
268.0
267.155
266.311
265.466
264.622
263.777
262.931
262.087
261.242
260.397
259.553
258.707
257.863
257.019
256.173
255.33
254.484
253.639
252.795
251.95
251.104
250.26
249.416
248.571
247.727
246.881
246.036
245.192
244.347
243.502
242.658
241.811
240.967
240.123
239.278
238.432
237.588
236.743
235.898
235.053
234.209
233.365
232.52
231.675
230.83
229.985
229.141
228.296
227.451
226.606
225.762
224.916
224.071
223.227
222.383
221.537
220.691
219.848
219.003
218.158
217.314
216.469
215.624
214.779
213.935
213.089
212.245
211.4
210.555
209.711
208.866
208.021
207.176
206.331
205.487
204.642
203.796
202.952
202.108
201.263
200.418
199.573
198.729
197.883
197.039
196.194
195.348
194.504
193.66
192.814
191.97
191.126
190.28
189.436
188.591
187.746
186.902
186.056
185.212
184.367
187.749
187.063
189.175
191.192
190.58
191.968
192.221
192.472
192.724
192.976
193.228
193.48
193.732
193.984
194.236
194.488
194.74
194.992
195.244
195.496
195.748
196.0
196.252
196.503
196.755
197.007
197.259
197.511
197.764
198.016
198.268
198.519
198.771
199.023
199.275
199.527
199.779
200.031
200.283
200.535
200.786
201.039
201.29
201.543
201.795
202.047
202.298
202.55
202.802
203.054
203.307
203.558
203.81
204.063
204.314
204.566
204.818
205.07
205.322
205.574
205.826
206.077
206.33
206.582
206.834
207.085
207.337
207.589
207.842
208.094
208.345
208.597
208.849
209.102
209.354
209.606
209.857
210.109
210.361
210.613
210.865
211.117
211.369
211.621
211.873
212.124
212.377
212.629
212.881
213.132
213.385
213.636
213.889
214.14
214.393
214.644
214.896
215.148
215.399
215.652
215.904
216.156
216.409
216.66
216.912
217.164
217.416
217.668
217.92
218.171
218.424
218.676
218.928
219.179
219.431
219.683
219.936
220.188
220.439
220.691
220.943
221.195
221.448
221.699
221.951
222.203
222.455
219.392
219.521
217.455
215.464
215.533
214.034
213.426
212.819
212.211
211.603
210.995
210.388
209.78
209.172
208.564
207.956
207.348
206.741
206.132
205.525
204.917
204.309
203.701
203.094
202.486
201.878
201.27
200.662
200.055
199.446
198.839
198.231
197.623
197.015
196.408
195.799
195.192
194.584
193.976
193.369
192.761
192.153
191.545
190.937
190.33
189.721
189.114
188.506
187.898
187.291
186.683
181.824
181.057
177.475
173.99
173.147
170.294
168.583
166.873
165.161
163.451
161.74
160.029
158.319
156.608
154.897
153.186
151.476
149.765
148.054
146.344
144.633
142.922
141.211
139.5
137.79
136.079
134.368
132.657
130.947
129.236
127.525
125.814
124.104
122.393
120.682
118.972
117.26
115.55
113.839
112.128
110.418
108.707
106.996
105.286
103.575
101.864
100.153
98.4421
96.7319
95.0209
93.31
91.5991
89.8885
88.1777
86.4673
84.7562
83.0457
81.3352
79.6242
77.9134
76.2025
74.4918
72.7812
71.0703
69.3597
67.649
65.9382
64.2275
62.5164
60.8058
59.0951
57.3845
55.6736
53.9629
52.2523
50.5413
48.8307
47.12
45.4092
43.6985
41.9877
40.277
38.5662
76.5328
76.309
102.348
127.494
127.974
147.22
155.803
164.386
172.968
181.551
190.134
198.717
207.3
215.883
224.466
233.048
241.631
250.214
258.797
267.38
275.963
284.546
293.129
301.712
271.833
278.975
260.658
243.208
249.667
237.935
236.54
235.144
233.749
232.354
230.959
229.563
228.168
226.773
225.377
223.983
222.587
221.192
219.796
218.401
217.006
215.61
214.216
212.82
211.425
210.03
208.634
207.239
205.844
204.449
203.053
201.658
200.263
198.868
197.472
196.077
194.682
193.286
191.891
190.496
189.1
187.705
186.31
184.915
183.52
182.124
180.729
179.334
177.938
176.543
175.148
173.752
172.358
170.962
169.567
168.172
166.776
165.381
163.985
162.59
161.195
159.8
158.405
157.009
155.613
154.219
152.824
151.428
150.033
148.637
147.243
145.847
144.452
143.056
141.661
140.266
138.87
137.475
136.08
134.685
133.29
131.894
130.499
129.104
127.709
126.313
124.918
123.523
122.128
120.732
119.337
117.941
116.546
115.151
113.756
112.36
110.965
109.57
108.174
106.779
105.384
103.989
102.593
101.198
99.803
98.4073
97.0127
95.6174
94.2217
92.8263
91.4315
90.0361
88.6409
87.2456
85.8503
84.4548
83.0595
81.6645
80.2694
78.8737
77.4786
76.0832
74.6883
73.2929
71.8975
70.5021
69.1074
67.7117
66.3165
72.2263
71.105
74.8191
78.3684
77.3767
79.8398
80.3399
80.8397
81.3396
81.8398
82.3397
82.8396
83.3397
83.8397
84.3396
84.8397
85.3397
85.8395
86.3396
86.8394
87.3394
87.8394
88.3394
88.8397
89.3393
89.8393
90.3394
90.8391
91.3392
91.8393
92.3393
92.8392
93.3393
93.8392
94.3391
94.8391
95.339
95.8389
96.3388
96.8388
97.3387
97.8391
98.3389
98.8389
99.3391
99.8389
100.339
100.839
101.339
101.839
102.339
102.839
103.338
103.838
104.339
104.838
105.338
105.839
106.338
106.838
107.338
107.838
108.338
108.838
111.736
112.326
114.504
116.627
117.259
119.026
120.148
121.27
122.393
123.514
124.637
125.759
126.881
128.003
129.126
130.248
131.37
132.492
133.614
134.736
135.858
136.98
138.103
139.225
140.347
141.47
142.592
143.714
144.836
145.958
147.08
148.202
149.324
150.447
151.569
152.691
153.813
154.935
156.057
157.179
158.301
159.424
160.546
161.668
162.79
163.912
165.035
166.157
167.279
168.401
169.523
170.646
171.768
172.889
174.012
175.134
176.256
177.379
178.501
179.622
180.745
181.867
182.99
184.111
185.233
186.356
187.477
188.6
189.722
190.845
191.967
193.089
194.211
195.333
196.455
197.578
198.699
199.822
200.944
202.066
203.188
204.31
205.433
206.555
207.676
208.799
209.921
211.043
212.166
213.287
203.714
204.435
198.077
191.96
192.491
187.964
186.311
184.658
183.006
181.353
179.701
178.048
176.395
174.742
173.09
171.437
169.785
168.131
166.479
164.826
163.174
161.521
159.868
158.215
156.563
154.91
153.257
151.605
149.952
148.3
146.646
144.994
143.341
141.689
140.036
138.383
136.73
135.078
133.425
131.772
130.12
128.467
126.814
125.161
123.509
121.856
120.204
118.551
116.898
115.246
113.593
111.94
110.287
108.635
106.982
105.329
103.677
102.024
100.371
98.7184
97.0658
95.4132
93.7604
92.1078
90.4552
88.8021
87.1497
85.4969
83.8444
82.1915
80.5393
78.8863
84.3178
82.9307
86.2327
89.3747
88.1134
90.2024
90.3876
90.5727
90.7579
90.943
91.1282
91.3136
91.4987
91.6838
91.8689
92.0542
92.2393
92.4245
92.6096
92.795
92.9799
93.165
93.3504
93.5352
93.7209
93.9057
94.0911
94.2762
94.4616
94.6467
94.8315
95.017
95.2022
95.3875
95.5722
95.7575
95.9427
96.1279
96.3129
96.4983
96.6833
96.8686
97.054
97.2388
97.4243
97.6094
97.7945
97.9797
98.1649
98.3502
98.5352
98.7207
98.9054
99.0906
100.205
100.425
101.26
102.074
102.31
102.987
103.412
103.839
104.265
104.691
105.117
105.544
105.97
106.396
106.822
107.248
107.675
108.101
108.527
108.953
109.379
109.806
110.232
110.658
111.084
111.51
111.937
112.363
112.789
113.215
113.641
114.068
114.494
114.92
115.346
115.772
116.199
116.625
117.051
117.477
117.904
118.33
118.756
119.183
119.609
120.035
120.461
120.887
121.313
121.74
122.166
122.592
123.018
123.444
123.87
124.296
124.723
125.149
125.575
126.002
126.427
126.854
127.28
127.706
128.133
128.559
128.985
129.411
129.838
130.263
130.69
131.116
131.543
131.968
132.394
132.821
133.247
133.673
134.099
134.526
134.952
135.378
135.804
136.23
136.657
137.083
137.509
137.935
138.362
138.787
139.214
139.641
140.066
140.493
140.918
141.345
141.771
142.197
142.623
143.05
143.476
143.902
144.328
144.755
145.181
145.607
146.033
146.46
146.885
147.312
147.738
148.164
148.59
149.016
149.443
149.869
150.295
150.722
151.147
151.574
152.0
152.426
152.852
153.278
153.705
154.131
154.557
154.983
155.41
155.836
156.262
156.688
157.114
157.541
157.967
158.393
158.82
159.246
159.672
160.098
160.524
160.951
161.377
161.803
162.229
162.655
163.082
163.508
163.934
164.36
164.787
165.212
165.639
166.065
166.491
166.917
167.344
167.77
168.196
168.622
169.048
169.474
169.901
170.327
170.753
171.179
171.605
172.032
172.458
172.885
173.31
173.736
174.163
174.589
175.016
175.441
175.868
176.294
176.72
177.146
177.572
177.999
178.425
169.651
169.732
163.723
157.922
157.84
153.407
151.447
149.486
147.525
145.564
143.604
141.643
139.682
137.722
135.761
133.801
131.839
129.88
127.919
125.958
123.997
122.037
120.076
118.115
116.154
114.194
112.234
110.272
108.312
106.351
104.39
102.43
100.469
98.5081
96.5479
94.5866
92.6263
90.6659
88.7048
86.7442
84.7836
82.8228
80.8624
78.9016
76.9412
74.98
73.0198
71.059
69.0982
67.1375
65.177
69.7948
68.0807
70.7213
73.2133
71.616
73.1298
72.8762
72.622
72.3679
72.1143
71.86
71.6061
71.3522
71.0984
70.8443
70.5903
70.3366
70.0826
69.8287
69.5745
69.3207
69.0667
68.8129
68.5587
68.3049
68.0508
67.797
67.5429
67.2889
67.0351
66.781
66.5273
66.2731
66.0193
65.7655
65.5115
65.2572
65.0034
64.7494
64.4954
64.2415
63.9877
63.7338
63.4797
63.2258
62.9716
62.7178
62.464
62.21
61.9559
61.702
61.4479
61.194
60.9399
60.6862
60.4321
60.1784
59.9244
59.6706
59.4164
59.1624
58.9084
58.6546
65.3092
65.3142
69.892
74.3144
74.442
77.837
79.3753
80.9137
82.4522
83.9905
85.5288
87.067
88.6056
90.1438
91.6823
93.2206
94.7592
96.2977
97.8358
99.3742
100.913
102.451
103.989
105.528
107.066
108.605
110.143
111.681
113.22
114.758
116.296
117.835
119.373
120.911
122.449
123.988
125.527
127.065
128.603
130.142
131.68
133.218
134.757
136.296
137.834
139.372
140.91
142.449
143.987
145.526
147.064
148.602
143.544
144.835
141.761
138.835
140.009
138.064
137.891
137.718
137.546
137.372
137.199
137.027
136.854
136.681
136.508
136.335
136.163
135.99
135.817
135.644
135.471
135.298
135.126
134.953
134.78
134.607
134.434
134.262
134.088
133.916
133.743
133.57
133.397
133.225
133.052
132.879
132.706
132.533
132.36
132.187
132.015
131.841
131.669
131.496
131.323
131.15
130.978
130.804
130.632
130.459
130.287
130.113
129.941
129.768
129.595
129.422
129.249
129.076
128.904
128.731
128.558
128.385
128.213
128.039
127.867
127.694
127.521
127.348
127.175
127.002
126.83
126.657
126.484
126.311
126.138
125.965
125.793
125.62
125.447
125.275
125.101
126.399
126.281
127.136
127.959
127.867
128.471
128.679
128.888
129.097
129.305
129.514
129.722
129.93
130.139
130.348
130.557
130.765
130.974
131.182
131.391
131.599
131.808
132.017
132.225
132.433
132.642
132.851
133.059
133.268
133.477
133.685
133.894
134.102
134.311
134.519
134.728
134.937
135.145
135.354
135.562
135.771
135.979
136.188
136.397
136.605
136.814
137.022
137.23
137.44
137.648
137.857
138.065
138.274
138.482
138.691
138.899
139.108
139.317
139.525
139.734
139.943
140.151
140.359
140.568
140.777
140.985
141.194
141.403
141.611
141.819
142.028
142.237
142.445
142.654
142.862
143.071
143.28
143.488
143.697
143.905
144.114
144.322
144.531
144.74
144.948
145.157
145.365
145.574
145.782
145.991
146.2
146.408
146.617
146.825
147.034
147.243
147.452
147.66
147.868
148.077
148.285
148.494
148.702
148.911
149.12
149.328
149.537
149.745
149.954
150.163
150.371
150.58
150.788
150.997
151.206
151.415
151.622
151.831
152.04
152.249
152.457
152.666
152.874
153.083
153.291
153.5
153.708
153.917
154.126
154.334
154.542
154.752
154.96
155.169
155.377
155.586
155.794
156.003
156.211
156.42
156.629
156.837
157.046
157.254
157.463
157.672
157.88
158.089
158.297
158.506
158.714
158.923
159.132
159.34
159.549
159.757
159.966
160.174
160.383
160.592
160.8
161.009
161.217
171.951
172.554
180.124
187.457
188.247
194.015
196.954
199.893
202.833
205.772
208.711
211.651
214.59
217.529
220.468
223.408
226.347
229.286
232.225
235.164
238.104
241.043
243.982
246.921
249.86
252.8
255.739
258.678
261.617
264.557
267.496
270.436
273.374
258.903
261.19
251.953
243.109
245.086
238.83
237.253
235.675
234.097
232.52
230.943
229.365
227.788
226.209
224.632
223.055
221.477
219.9
218.322
216.744
215.167
213.59
212.012
210.435
208.857
207.279
205.703
204.125
202.547
200.97
199.391
197.814
196.238
194.659
193.082
191.505
189.928
188.349
186.772
185.195
183.617
182.04
180.462
178.885
177.307
175.729
174.152
172.575
170.998
169.42
167.842
166.265
164.687
163.11
161.532
159.955
158.378
156.799
155.222
153.645
152.067
150.489
148.913
147.334
145.757
144.18
142.602
141.025
139.447
137.869
136.292
134.715
133.137
131.559
129.982
128.405
126.827
125.25
123.672
122.095
120.517
118.94
117.362
115.785
114.207
112.629
111.052
109.475
107.897
106.32
104.742
103.165
101.587
100.009
98.4321
96.8546
95.2771
93.6992
92.1221
90.5443
88.9671
87.3895
85.812
84.2347
82.657
81.0793
79.5021
77.9247
76.3471
74.7693
73.1922
71.6146
70.0371
68.4597
66.8818
65.3046
74.3298
73.1495
78.9875
84.5865
83.5945
87.6169
88.7902
89.9634
91.1363
92.3096
93.4831
94.6561
95.8291
97.0022
98.1757
99.3487
100.522
101.695
102.868
104.041
105.214
106.387
107.561
108.734
109.907
111.08
112.253
113.427
114.599
115.773
116.946
118.119
119.293
120.466
121.639
122.812
123.985
125.158
126.331
127.505
128.678
129.851
131.024
132.197
133.371
134.543
135.716
136.89
138.063
139.236
140.409
141.583
142.755
143.929
145.102
146.275
147.448
148.622
149.794
150.968
152.141
153.314
154.487
155.661
156.834
158.007
159.18
160.353
161.526
162.699
163.873
165.046
166.219
167.392
168.565
169.739
170.911
172.085
173.258
174.431
175.604
176.777
177.951
179.124
180.297
181.47
182.643
183.816
184.99
186.163
187.336
188.509
189.682
190.855
192.029
193.202
194.375
195.548
196.721
197.895
199.068
200.241
201.414
202.587
203.761
204.934
206.107
207.28
208.452
209.626
210.799
211.972
213.145
214.319
215.492
216.665
217.839
219.012
220.184
221.358
222.531
223.704
224.877
226.051
227.224
228.397
229.57
210.112
210.512
197.256
184.464
184.498
174.775
170.595
166.416
162.237
158.057
153.878
149.699
145.52
141.34
137.161
132.982
128.802
124.624
120.444
116.265
112.085
107.906
103.727
99.5478
95.3682
91.1891
87.0099
82.8305
78.6516
74.472
70.2928
66.1136
61.934
57.755
53.5758
49.3965
45.2173
41.0381
36.8588
48.6407
45.0594
52.043
58.6672
55.3697
59.6205
59.5821
59.5434
59.5051
59.4665
59.4281
59.3896
59.3512
59.3127
59.2742
59.2357
59.1971
59.1589
59.1202
59.0821
59.0433
59.005
58.9666
58.9281
58.8897
58.8512
58.8127
58.7742
58.7359
58.6974
58.659
58.6205
58.5821
58.5434
58.505
58.4667
58.4282
58.3895
58.3513
58.3129
58.2742
58.2358
58.1975
58.1589
58.1205
58.082
58.0434
58.0052
57.9667
57.9283
57.8896
57.8513
61.4425
61.54
64.0403
66.4584
66.6202
68.4989
69.402
70.3052
71.2082
72.1116
73.0147
73.9177
74.8212
75.7242
76.6273
77.5308
78.4337
79.3372
80.2402
81.1432
82.0464
82.9496
83.8529
84.7559
85.6592
86.5622
87.4655
88.3686
89.2718
90.1748
91.0784
91.9814
92.8846
93.788
94.6909
95.5942
96.4972
97.4006
98.3038
99.2069
100.11
101.013
101.916
102.82
103.723
104.626
105.529
106.432
107.335
108.238
109.141
110.045
110.948
111.851
112.755
113.658
114.561
115.463
116.367
117.27
118.173
119.077
119.658
120.549
121.227
121.912
122.797
123.531
124.35
125.169
125.989
126.809
127.629
128.448
129.268
130.088
130.907
131.727
132.547
133.366
134.185
135.005
135.825
136.644
137.464
138.284
139.103
139.923
140.742
141.562
142.382
143.202
144.021
144.841
145.66
146.48
147.299
148.119
148.939
149.759
150.578
151.398
152.217
153.037
153.857
154.676
155.496
156.315
157.136
157.955
158.775
159.594
160.414
161.233
162.053
162.873
163.693
164.512
165.332
166.151
166.971
167.791
168.61
169.43
170.25
171.069
171.888
172.708
173.528
174.347
175.167
175.987
176.806
177.626
178.446
179.265
180.085
180.905
181.724
182.544
183.363
184.183
185.003
185.822
186.642
187.462
188.281
189.1
189.921
190.74
191.559
192.38
193.199
194.019
194.838
195.657
196.477
197.297
198.117
198.936
199.756
200.575
201.395
202.215
203.035
203.855
204.675
205.493
206.313
207.133
207.952
208.772
209.592
210.411
211.231
212.051
212.87
213.69
214.509
215.329
216.149
216.968
217.788
218.607
217.628
218.38
217.942
217.544
218.264
218.134
218.486
218.839
219.192
219.546
219.898
220.25
220.604
220.956
221.31
221.663
222.016
222.369
222.722
223.074
223.427
223.781
224.133
224.486
224.839
225.192
225.545
225.898
226.25
226.604
226.957
227.31
227.663
228.016
228.368
228.721
229.073
229.427
229.779
230.133
230.486
230.839
231.191
231.544
231.897
232.251
232.603
232.956
233.309
233.662
234.015
227.789
227.895
223.647
219.547
219.536
216.414
215.06
213.706
212.353
210.999
209.645
208.291
206.937
205.583
204.229
202.875
201.521
200.168
198.814
197.459
196.105
194.752
193.398
192.044
190.69
189.336
187.982
186.628
185.274
183.92
182.566
181.212
179.859
178.505
177.151
175.797
174.443
173.089
171.735
170.382
169.027
167.673
166.319
164.966
163.611
162.258
160.904
159.55
158.196
156.842
155.488
154.134
152.78
151.426
150.072
148.718
147.365
146.01
144.657
143.303
141.949
140.595
139.241
137.887
136.533
135.179
133.826
132.471
131.118
129.764
128.41
127.056
125.702
124.348
122.994
121.64
120.287
118.933
117.579
116.225
114.871
113.517
112.163
110.809
109.455
108.101
106.747
105.394
104.039
102.686
101.332
99.9778
98.624
97.2701
95.9163
94.5624
93.2083
91.8546
90.5005
89.1468
87.7923
86.4384
85.0848
83.731
82.3768
81.0234
79.6693
78.3156
76.9616
75.6077
74.2538
72.8997
71.5458
80.103
79.1206
84.6981
90.0529
89.2461
93.127
94.3442
95.5617
96.7789
97.9961
99.2135
100.431
101.648
102.865
104.083
105.3
106.517
107.735
108.952
110.17
111.387
112.604
113.821
115.039
116.256
117.474
118.691
119.908
121.125
122.342
123.56
124.777
125.995
127.212
128.429
129.647
130.864
132.081
133.299
134.516
135.733
136.951
138.168
139.385
140.603
141.82
143.036
144.255
145.472
146.689
147.907
149.124
150.341
151.558
152.776
153.993
155.211
156.428
157.645
158.862
160.08
161.297
162.515
163.732
164.949
166.166
167.383
168.601
169.819
171.036
172.253
173.47
174.688
175.905
177.123
178.339
179.557
180.774
181.991
183.209
184.426
185.644
186.86
188.078
189.295
190.513
191.731
192.947
194.165
195.383
196.6
197.817
199.034
200.252
201.469
202.687
203.903
205.121
206.338
207.555
208.773
209.99
211.207
212.425
213.642
214.86
216.077
217.294
218.511
219.729
220.946
222.164
223.38
224.598
225.815
274.099
277.081
311.215
344.289
348.107
374.183
387.61
401.039
414.467
427.894
441.322
454.75
468.178
481.605
495.034
508.462
521.887
535.317
548.745
562.173
-946.869
484.148
-511.963
-497.689
429.779
-279.464
117.845
118.865
119.885
120.905
121.925
122.945
123.964
124.985
126.005
127.024
128.044
129.064
130.084
131.105
132.124
133.145
134.164
135.184
136.204
137.224
138.244
139.264
140.284
141.304
142.324
143.344
144.364
145.384
146.403
147.423
148.443
149.463
150.484
151.503
152.523
153.543
154.563
155.583
156.603
157.623
158.643
159.663
160.683
161.703
162.722
163.742
164.763
165.783
166.802
167.823
168.842
169.863
170.882
171.902
172.922
173.942
174.962
175.982
177.002
178.022
179.042
180.062
181.082
182.102
183.122
184.142
185.162
186.182
187.202
188.221
189.241
190.261
191.281
192.301
193.321
194.341
195.361
196.381
197.401
198.421
199.441
200.461
201.48
202.5
203.521
204.541
205.56
206.581
207.6
208.62
209.641
210.66
211.68
212.7
213.72
214.74
215.76
216.78
217.8
218.82
219.84
220.859
221.88
222.9
223.919
224.939
225.959
226.98
227.999
229.019
230.039
231.059
232.079
233.099
234.119
235.139
236.158
237.178
238.198
239.219
240.238
241.259
242.279
243.298
244.319
245.338
246.358
247.378
248.398
249.419
250.438
251.458
252.478
253.498
254.518
255.538
256.558
257.577
258.598
259.618
260.638
261.658
262.678
263.698
264.717
238.787
238.797
220.969
203.745
203.277
190.062
184.091
178.119
172.147
166.176
160.203
154.231
148.259
142.287
136.316
130.344
124.372
118.4
112.429
106.456
100.484
94.5121
88.5406
82.5681
76.5965
70.6248
64.6527
58.6808
52.7091
46.7368
40.7654
34.7933
28.8216
22.8497
16.8778
10.9058
36.8788
32.1042
48.4742
64.1247
59.9171
70.8175
73.1332
75.4489
77.7646
80.0802
82.3959
84.7117
87.0273
89.3428
91.6583
93.9741
96.2897
98.6055
100.921
103.237
105.552
107.868
110.184
112.499
114.815
117.131
119.446
121.762
124.078
126.393
128.709
131.025
133.34
135.656
137.972
140.287
142.603
144.919
147.234
149.55
151.866
154.181
156.497
158.813
161.128
163.443
165.759
168.075
170.391
172.706
175.022
177.338
179.653
181.969
184.285
186.6
188.916
191.232
193.548
195.863
198.179
200.494
202.81
205.126
207.441
209.757
212.073
214.388
216.704
219.02
221.336
223.652
225.967
228.283
230.598
232.914
235.229
237.546
239.861
242.177
244.493
246.808
249.124
251.439
253.754
256.071
258.386
260.702
263.018
265.333
267.649
269.965
272.28
274.596
276.912
261.001
262.633
252.202
242.181
243.489
236.178
233.766
231.352
228.94
226.527
224.114
221.701
219.288
216.874
214.462
212.05
209.636
207.223
204.81
202.397
199.984
197.572
195.159
192.746
190.333
187.921
185.507
183.094
180.681
178.268
175.855
173.442
171.029
168.616
166.204
163.791
161.377
158.965
156.553
154.139
151.726
149.313
146.9
144.487
142.074
139.661
148.509
146.519
151.982
157.191
155.4
158.936
159.444
159.952
160.461
160.97
161.478
161.987
162.495
163.003
163.512
164.021
164.529
165.038
165.547
166.055
166.564
167.073
167.582
168.09
168.598
169.107
169.616
170.124
170.633
171.142
171.65
172.158
172.667
173.176
173.684
174.193
174.701
175.21
175.719
176.227
176.736
177.244
177.753
178.262
178.77
179.278
179.788
180.296
180.805
181.313
181.822
182.331
182.839
183.347
183.856
184.365
184.873
185.382
185.891
186.399
186.908
187.416
187.925
188.433
188.942
189.451
189.959
190.468
190.976
191.485
191.995
192.502
193.011
193.519
194.028
194.537
195.045
195.554
196.062
196.571
197.08
197.588
198.097
198.606
199.114
199.622
200.131
200.64
201.148
201.657
202.166
202.674
203.183
203.691
204.199
204.708
205.217
205.726
206.235
206.743
207.251
207.76
208.269
208.777
209.286
209.795
210.304
210.812
211.32
211.829
212.338
212.846
213.354
213.863
214.372
214.88
211.361
211.719
209.41
207.193
207.479
205.861
205.324
204.788
204.251
203.714
203.178
202.641
202.105
201.57
201.033
200.497
199.961
199.424
198.888
198.352
197.815
197.279
196.742
196.206
195.67
195.134
194.597
194.061
193.524
192.988
192.452
191.916
191.38
190.843
190.307
189.77
189.234
188.697
188.161
187.624
187.089
186.552
186.016
185.479
184.943
184.407
183.871
183.334
182.798
182.262
181.726
181.189
180.652
180.116
179.58
179.043
178.507
177.971
177.434
176.898
176.362
175.826
175.289
174.753
174.216
173.68
173.144
172.608
172.071
171.534
170.999
170.463
169.926
169.389
168.853
168.317
167.781
167.244
166.707
166.171
165.635
165.099
164.562
164.026
163.49
162.953
162.417
161.88
161.345
160.808
160.272
159.736
159.199
158.663
158.127
157.59
157.054
156.518
155.981
155.445
154.908
154.372
153.836
153.3
152.763
152.227
151.691
151.154
150.618
150.082
159.749
159.595
166.196
172.567
172.594
177.447
179.558
181.669
183.78
185.891
188.002
190.113
192.224
194.335
196.446
198.557
200.668
202.779
204.89
207.002
209.113
211.223
213.334
215.445
217.556
219.667
221.778
223.889
226.0
228.111
230.222
232.333
234.444
236.555
238.666
240.777
242.888
244.999
247.11
249.221
251.332
253.443
255.554
257.665
259.776
261.887
263.998
266.109
268.22
270.331
272.443
274.553
276.664
278.775
280.887
282.997
285.108
287.219
289.331
291.441
293.552
295.663
297.774
284.534
286.071
277.445
269.166
270.429
264.433
262.562
260.689
258.817
256.946
255.074
253.203
251.331
249.461
247.589
245.718
243.845
241.975
240.103
238.232
236.36
234.489
232.617
230.745
228.875
227.003
225.132
223.261
221.388
219.517
217.645
215.773
213.903
212.031
210.16
208.289
206.417
204.546
202.674
200.803
198.931
197.06
195.188
193.317
191.445
189.574
187.703
185.831
183.959
182.088
180.217
178.345
176.473
174.602
172.731
170.859
168.988
167.117
165.245
163.373
161.502
159.631
157.759
155.887
154.016
152.145
150.273
148.402
146.53
144.659
142.787
140.915
139.045
137.173
135.301
133.43
131.558
129.687
127.815
125.944
124.072
122.201
120.33
118.458
116.587
114.716
112.844
110.972
109.101
107.23
105.358
103.487
101.615
99.7437
97.8722
96.0007
94.1294
92.2578
90.3866
88.5149
86.6437
84.7722
82.9005
81.029
79.1578
77.2865
75.4149
