279.517
278.345
277.174
276.003
274.831
273.66
272.487
271.317
270.145
268.973
267.801
266.63
265.458
264.287
263.115
261.943
260.772
259.601
258.429
257.258
256.085
254.914
253.743
252.57
251.399
250.228
249.056
247.885
246.712
245.541
244.37
243.198
242.028
240.855
239.683
238.513
237.341
236.169
234.997
233.826
232.654
231.483
230.311
229.14
227.968
226.796
225.624
224.453
223.282
222.11
220.938
219.767
218.595
217.424
216.252
215.08
213.91
212.737
211.566
210.394
209.222
208.051
206.879
205.708
204.536
203.365
202.193
201.022
199.85
198.678
197.507
196.335
195.163
193.992
192.82
191.649
190.477
189.306
188.134
186.963
185.791
184.619
183.448
182.276
181.104
179.933
178.762
177.59
176.418
175.247
174.075
172.904
171.732
170.561
169.389
168.217
167.046
165.874
164.703
163.531
162.359
161.188
160.016
158.844
157.673
156.502
155.33
154.158
152.986
151.815
150.644
149.472
148.3
147.129
145.957
144.786
143.614
142.443
141.271
140.1
138.928
137.756
136.585
135.413
134.241
133.07
131.898
130.726
129.555
132.99
131.99
134.04
135.987
135.069
136.331
136.354
136.377
136.401
136.424
136.448
136.471
136.494
136.518
136.541
136.565
136.588
136.611
136.635
136.658
136.681
136.705
136.729
136.752
136.775
136.799
136.822
136.845
136.869
136.892
136.915
136.939
136.962
136.985
137.009
137.032
137.056
137.079
137.103
137.126
137.149
137.173
137.196
137.22
137.243
137.266
137.29
137.313
137.336
137.36
137.383
137.407
137.43
137.454
137.477
137.5
137.524
137.547
137.571
137.594
137.617
137.641
137.664
137.687
137.711
137.734
137.758
137.781
137.804
137.827
137.851
137.875
137.898
137.921
137.945
137.968
137.991
138.015
138.038
138.062
138.085
138.109
138.131
138.155
138.178
138.202
138.226
138.249
138.272
138.296
138.319
138.342
138.366
138.389
138.413
138.436
138.459
138.483
138.506
138.529
138.553
138.576
138.599
138.623
138.646
138.67
138.693
138.716
138.74
138.763
138.787
138.81
138.833
138.857
138.88
138.904
138.927
138.95
138.974
138.998
139.021
139.044
139.068
139.091
139.114
139.137
139.161
139.184
139.208
139.231
139.254
139.278
139.301
139.324
139.348
139.371
139.395
139.418
139.442
139.465
139.489
139.512
139.535
139.559
139.582
139.606
139.629
139.652
139.675
139.699
139.722
139.746
139.769
139.792
139.816
139.839
139.862
139.886
139.909
139.933
139.956
139.98
140.003
140.026
140.05
140.073
140.097
140.12
140.143
140.167
140.19
140.32
140.347
140.445
140.541
140.57
140.65
140.701
140.752
140.803
140.854
140.905
140.956
141.007
141.057
141.109
141.16
141.211
141.261
141.313
141.364
141.415
141.466
141.517
141.568
141.619
141.67
141.721
141.772
141.823
141.874
141.925
141.976
142.027
142.079
142.129
142.18
142.231
142.282
142.333
142.384
142.435
142.486
142.537
142.588
142.639
142.691
142.741
142.792
142.844
142.894
142.945
142.997
143.047
143.099
143.15
143.201
143.251
143.302
143.353
143.405
143.455
143.507
143.558
143.608
143.659
143.711
143.762
143.813
143.863
143.915
143.966
144.017
144.068
144.119
144.17
144.221
144.272
144.323
144.374
144.425
144.476
144.527
144.578
144.629
144.68
144.731
144.782
144.833
144.884
144.935
144.986
145.038
145.088
145.139
145.19
145.241
145.292
145.343
144.824
144.854
144.507
144.172
144.192
143.942
143.845
143.748
143.652
143.555
143.458
143.361
143.265
143.168
143.071
142.974
142.878
142.781
142.684
142.587
142.49
142.394
142.297
142.2
142.103
142.007
141.91
141.813
141.716
141.619
141.523
141.426
141.329
141.233
141.136
141.039
140.942
140.845
140.749
140.652
140.555
140.458
140.362
140.264
140.168
140.071
139.974
139.878
139.781
139.684
139.587
139.491
139.394
139.297
139.2
139.104
139.007
138.91
138.813
138.716
138.62
138.523
140.792
140.784
142.341
143.846
143.879
145.032
145.549
146.066
146.583
147.1
147.617
148.134
148.65
149.168
149.685
150.201
150.718
151.235
151.752
152.269
152.786
153.303
153.82
154.336
154.854
155.37
155.887
156.404
156.921
157.438
157.955
158.472
158.989
159.506
160.023
160.54
161.057
161.573
162.091
162.608
163.124
163.641
164.159
164.675
165.192
165.709
166.226
166.743
167.26
167.777
168.293
168.811
169.328
169.845
170.361
170.878
171.395
171.912
172.429
172.946
173.463
173.98
174.497
175.013
175.53
176.048
176.564
177.081
177.598
178.115
178.632
179.148
179.666
180.182
180.699
181.216
181.734
182.25
182.767
183.284
183.801
184.318
184.835
185.352
185.869
186.385
186.903
187.419
187.936
188.454
188.97
189.488
190.004
190.521
191.038
191.556
192.072
192.589
193.106
193.623
194.14
194.656
195.173
195.691
196.208
196.724
197.241
197.758
198.276
198.792
199.309
199.826
200.343
200.86
201.376
201.894
202.41
202.927
204.605
205.166
206.494
207.798
208.378
209.509
210.327
211.145
211.963
212.782
213.599
214.418
215.236
216.054
216.872
217.69
218.508
219.327
220.145
220.963
221.781
222.599
223.417
224.235
225.053
225.871
226.689
227.508
228.326
229.144
229.962
230.781
231.599
232.417
233.234
234.052
234.871
235.689
236.508
237.325
238.143
238.962
239.78
240.598
241.416
242.235
243.052
243.871
244.689
245.506
246.325
247.143
247.961
248.78
249.598
250.416
251.234
252.052
252.87
253.688
254.506
255.325
256.142
256.961
257.779
258.597
259.415
260.234
261.052
261.87
262.688
263.506
264.324
265.142
265.96
266.778
267.596
268.416
269.232
270.051
270.869
271.687
272.505
273.324
274.142
274.961
275.778
276.596
277.414
278.232
279.05
279.868
280.687
281.505
282.322
283.141
283.96
284.777
285.596
286.414
287.231
288.05
288.868
289.687
290.504
291.322
292.14
292.959
293.777
294.595
295.413
296.231
297.049
297.867
298.686
299.505
300.322
301.139
301.958
302.777
303.595
304.413
305.231
306.05
306.868
307.686
308.503
309.321
310.139
310.957
311.777
312.595
309.363
310.028
308.015
306.091
306.686
305.365
305.133
304.9
304.667
304.435
304.203
303.969
303.737
303.505
303.273
303.04
302.807
302.574
302.342
302.11
301.876
301.644
301.411
301.178
300.947
300.714
300.481
300.249
300.016
299.783
299.551
299.318
299.087
298.854
298.621
298.389
298.156
297.924
297.691
297.458
297.227
296.993
296.761
283.117
282.381
272.77
263.458
262.486
255.17
251.457
247.746
244.034
240.322
236.61
232.898
229.186
225.474
221.762
218.05
214.338
210.626
206.914
203.203
199.491
195.778
192.067
188.355
184.643
180.931
177.219
173.508
169.794
166.083
162.371
158.659
154.947
151.236
147.524
143.812
140.1
136.388
132.676
128.964
125.252
121.54
117.828
114.116
110.404
106.693
102.981
99.2686
95.5566
91.8451
88.1328
84.421
80.7088
76.9971
73.2853
69.5731
65.8613
62.1496
58.4373
54.7254
51.0136
47.3019
43.5899
39.8781
36.1661
32.4543
45.8032
42.7305
50.951
58.7871
56.0174
61.3164
62.0308
62.7449
63.4592
64.1735
64.8876
65.602
66.3164
67.0305
67.7448
68.4591
69.1731
69.8873
70.6016
71.3159
72.0301
72.7445
73.4586
74.173
74.8869
75.6014
76.3158
77.0298
77.7441
78.4585
79.1726
79.8868
80.6011
81.3154
82.0299
82.7439
83.4581
84.1723
84.8866
85.6008
86.3152
87.0295
87.7436
88.4579
89.172
89.8865
90.6006
91.315
92.0292
92.7434
93.4573
94.1717
94.8861
95.6001
96.3145
97.0289
97.7431
98.4575
99.1716
99.8859
100.6
101.314
102.029
102.743
103.457
104.171
104.886
105.6
106.314
107.028
107.743
108.456
109.171
109.885
110.6
111.313
112.028
112.742
113.456
114.171
114.885
115.599
116.314
117.028
117.742
118.456
119.17
119.885
120.599
121.313
122.027
122.742
123.456
124.171
124.884
125.599
126.313
127.027
127.742
128.456
129.17
129.884
130.598
131.313
132.027
132.741
133.455
134.169
134.884
135.598
136.312
137.026
137.741
138.455
139.169
139.883
140.598
141.312
142.027
147.432
148.322
152.318
156.207
157.181
160.373
162.304
164.236
166.168
168.099
170.03
171.961
173.893
175.824
177.756
179.687
181.618
183.55
185.481
187.413
189.344
191.275
193.206
195.139
197.069
199.001
200.933
202.864
204.796
206.727
208.658
210.589
212.521
214.452
216.384
218.315
220.247
222.178
224.109
226.041
227.973
229.904
231.835
233.767
235.697
237.629
239.561
241.492
243.423
245.355
247.286
249.217
251.149
253.081
255.012
256.943
258.874
260.806
262.738
264.669
266.6
268.532
270.463
272.394
274.326
276.258
278.189
280.121
282.052
283.983
285.915
287.846
289.777
270.051
271.17
257.956
245.227
245.962
236.455
232.767
229.08
225.392
221.706
218.018
214.331
210.644
206.957
203.269
199.581
195.894
192.207
188.52
184.832
181.145
177.458
173.77
170.084
166.396
162.709
159.022
155.334
151.647
147.959
144.272
140.585
153.323
150.251
158.052
165.483
162.703
167.69
168.264
168.839
169.413
169.987
170.561
171.135
171.709
172.283
172.857
173.431
174.006
174.579
175.154
175.727
176.301
176.875
177.45
178.024
178.597
179.172
179.746
180.32
180.893
181.469
182.042
182.616
183.19
183.764
184.338
184.913
185.485
186.06
186.634
187.208
187.783
188.356
188.931
189.505
190.079
190.653
191.227
191.8
192.375
192.949
193.523
194.097
194.671
195.245
195.819
196.393
196.967
197.541
198.115
198.689
199.263
199.836
200.411
200.986
201.559
202.133
202.707
203.281
203.855
204.429
205.004
205.577
206.152
206.726
207.3
207.874
208.448
209.022
209.596
210.17
210.744
211.318
211.892
212.466
213.04
213.614
214.188
214.762
215.336
215.91
216.485
217.059
217.633
218.207
218.781
219.355
219.929
220.504
221.077
221.651
222.225
222.799
223.373
223.947
224.52
225.096
225.669
226.243
224.894
225.396
224.625
223.898
224.366
223.924
224.0
224.075
224.15
224.225
224.3
224.375
224.45
224.525
224.601
224.676
224.752
224.827
224.902
224.977
225.052
225.127
225.203
225.278
225.353
225.428
225.503
225.579
225.654
225.729
225.804
225.88
225.954
226.03
226.104
226.18
226.255
226.33
226.405
226.481
226.556
226.631
226.707
226.781
226.857
226.932
227.007
227.082
227.157
227.233
227.308
227.382
227.458
227.534
227.609
227.684
227.759
227.834
227.909
227.985
228.06
228.135
228.21
228.285
228.361
228.435
228.511
228.586
228.661
228.735
228.812
228.886
228.962
229.037
229.112
229.188
229.263
229.338
229.413
229.488
229.563
229.638
229.713
229.789
229.864
229.939
230.014
230.09
230.165
230.24
230.315
230.391
230.465
230.54
230.615
230.691
230.766
230.841
230.917
230.992
231.067
231.142
231.218
231.292
231.368
231.443
231.518
231.593
231.669
231.743
231.819
231.894
231.969
232.044
232.119
232.195
232.27
232.345
232.42
232.494
232.57
232.646
232.721
232.796
232.871
232.947
233.022
233.096
233.172
233.246
233.322
233.398
233.472
219.725
219.282
209.691
200.409
199.72
192.495
188.984
185.473
181.962
178.451
174.941
171.429
167.919
164.408
160.897
157.386
153.875
150.364
146.854
143.341
139.831
136.32
132.809
129.298
125.787
122.276
118.765
115.255
111.744
108.233
104.722
101.211
97.7
94.189
90.6782
87.1672
83.6563
80.1455
76.6346
73.1237
69.6126
66.1018
62.5906
59.08
55.5691
69.4063
66.5456
75.1681
83.3998
80.8471
86.4989
87.4891
88.4788
89.4686
90.4587
91.4485
92.4381
93.4282
94.4179
95.4079
96.3975
97.3877
98.3772
99.3672
100.357
101.347
102.336
103.326
104.316
105.306
106.296
107.286
108.276
109.265
110.255
111.245
112.235
113.225
114.215
115.205
116.194
117.184
118.174
119.164
120.154
121.144
122.133
123.123
124.113
125.103
126.093
127.083
128.072
129.062
130.052
131.042
132.032
133.022
134.012
135.001
135.991
136.981
137.971
138.96
139.951
140.941
141.93
142.921
143.91
144.9
145.89
146.88
147.87
148.859
149.849
150.839
151.829
152.819
153.809
154.798
155.789
156.778
157.768
158.758
159.748
160.738
161.727
162.717
163.707
164.697
165.687
166.676
167.667
168.656
169.646
170.636
171.626
172.615
173.605
174.595
175.585
176.575
177.565
178.555
170.423
171.071
165.682
160.497
160.984
157.156
155.779
154.402
153.026
151.65
150.273
148.897
147.52
146.144
144.766
143.39
142.014
140.637
139.261
137.884
136.507
135.131
133.755
132.378
131.001
129.625
128.248
126.872
125.496
124.118
122.742
121.365
119.989
118.612
117.236
115.859
114.483
113.106
111.729
110.353
108.977
107.6
106.223
104.847
103.47
102.093
100.717
99.3404
97.9644
96.5874
95.2109
93.8347
92.458
91.0812
89.7049
88.328
86.9517
85.5754
84.1988
82.8221
81.4454
80.069
78.6924
77.3162
75.9397
74.5627
73.1861
71.8099
70.4331
69.0565
67.6803
66.3035
64.9272
63.5505
62.174
60.7974
59.421
66.4267
65.3643
69.8503
74.1476
73.2338
76.2847
77.0829
77.8808
78.6793
79.4773
80.2753
81.0734
81.8714
82.6695
83.4678
84.2658
85.064
85.8622
86.6603
87.4584
88.2567
89.0547
89.8528
90.6508
91.4492
92.2472
93.0452
93.8432
94.6416
95.4397
96.2376
97.0361
97.834
98.6321
99.4301
100.228
101.026
101.824
102.623
103.421
104.219
105.017
105.815
106.613
107.412
108.21
109.007
109.806
110.604
111.402
112.2
112.998
113.796
114.594
115.393
116.19
116.989
117.787
118.585
119.383
120.181
120.98
121.777
122.576
123.374
124.172
124.97
125.768
126.566
127.365
128.163
128.961
129.759
130.557
131.355
132.153
132.951
133.75
134.547
135.346
136.144
136.942
137.74
138.538
139.337
140.134
140.932
141.731
142.529
143.327
144.125
144.924
145.721
146.519
147.318
148.115
148.914
149.712
150.51
151.308
152.106
152.904
153.702
154.501
155.298
156.096
156.895
157.693
158.491
159.289
160.088
160.886
161.683
162.482
163.28
164.078
164.876
165.674
166.473
167.27
168.069
168.867
169.665
170.463
171.261
172.059
172.858
173.655
174.454
175.252
176.05
176.848
177.646
178.444
179.242
180.04
180.839
181.637
182.435
183.232
184.031
184.829
185.627
186.425
187.224
188.022
188.82
189.617
190.416
191.214
192.012
192.81
193.609
194.407
195.205
196.003
196.801
197.599
198.397
199.195
199.994
200.792
201.59
202.388
203.186
203.984
204.782
205.58
206.379
207.177
207.974
208.773
209.571
210.369
211.167
211.965
212.763
213.561
214.359
215.158
215.957
216.754
217.552
218.35
219.148
219.947
220.745
221.543
222.341
223.139
223.937
224.735
225.533
226.332
227.129
227.928
228.726
229.524
230.322
231.121
231.918
232.716
233.514
234.313
235.11
235.909
236.707
237.506
238.303
239.102
239.9
240.698
241.496
242.294
243.092
243.89
244.688
245.486
237.199
237.657
232.1
226.749
227.046
223.045
221.486
219.927
218.368
216.809
215.25
213.69
212.132
210.572
209.014
207.455
205.895
204.337
202.778
201.219
199.66
198.102
196.542
194.983
193.425
191.865
190.306
188.747
187.188
185.629
184.07
182.512
180.953
179.393
177.835
176.275
174.716
173.158
171.599
170.039
168.48
166.922
165.363
163.804
162.245
160.686
159.127
157.568
156.009
154.45
152.891
151.332
149.773
148.214
146.655
145.096
143.537
141.978
140.419
138.86
137.301
135.742
134.184
132.624
131.065
129.506
127.947
126.389
124.829
123.271
121.712
120.152
118.594
117.035
115.476
113.916
112.358
110.799
109.24
107.681
106.122
104.563
103.004
101.445
99.886
98.3268
96.7679
95.2091
93.6498
92.0911
90.5319
88.9731
87.4141
85.8549
84.2963
82.7376
81.1783
79.6193
78.0605
76.5012
74.9423
73.3834
71.8244
70.2655
68.7066
67.1476
65.5885
64.0298
62.4707
60.9115
59.3527
57.7939
56.2349
54.676
53.1169
51.5581
49.9988
48.4398
46.8811
45.3221
43.763
42.2042
40.6452
39.0862
37.5271
35.9683
34.4091
57.2746
56.6309
72.1543
87.1273
86.9172
98.2584
103.036
107.814
112.591
117.368
122.146
126.923
131.701
136.479
141.256
146.034
150.811
155.589
160.366
165.144
169.921
174.699
179.476
184.254
189.031
193.809
198.586
203.364
208.141
212.919
217.696
222.474
227.252
232.029
236.807
241.584
246.362
251.139
255.916
260.695
265.472
270.249
275.027
279.805
284.581
289.359
294.137
298.914
303.692
308.47
313.247
318.025
322.802
327.579
313.49
317.561
309.143
301.151
304.887
299.699
299.582
299.464
299.347
299.23
299.114
298.996
298.879
298.762
298.645
298.527
298.411
298.293
298.176
298.059
297.942
297.825
297.708
297.591
297.474
297.356
297.239
297.123
297.005
296.888
296.771
296.653
296.537
296.42
296.302
296.185
296.068
295.951
295.835
295.717
295.599
295.482
295.366
295.248
295.131
295.014
294.897
294.78
294.663
294.546
294.429
294.311
294.195
294.078
293.96
293.843
293.726
293.609
293.492
293.374
293.258
293.14
293.023
292.907
292.789
292.673
292.555
292.438
292.32
292.204
292.087
291.968
291.852
291.736
291.618
291.501
291.384
291.267
291.15
291.032
290.916
290.799
290.681
290.565
290.447
290.33
290.213
290.096
289.978
289.861
289.744
289.627
289.511
289.393
289.276
289.159
289.042
288.924
288.808
288.691
288.572
288.456
288.339
288.222
288.104
287.988
287.87
287.753
287.637
287.519
287.401
275.369
274.804
266.352
258.169
257.394
250.982
247.774
244.565
241.357
238.147
234.938
231.73
228.521
225.312
222.103
218.895
215.686
212.477
209.268
206.06
202.851
199.642
196.433
193.224
190.015
186.807
183.598
180.389
177.181
173.972
170.763
167.554
164.346
161.137
157.928
154.719
151.51
148.302
145.093
141.884
138.675
135.466
132.258
129.049
125.84
122.631
119.423
116.214
113.005
109.796
106.587
103.379
100.17
96.9609
93.7524
90.5435
87.3347
84.1259
80.9166
77.7083
74.4992
71.2906
68.082
64.873
61.6642
58.4555
55.2468
65.4057
62.6979
68.8386
74.6779
72.2073
76.0589
76.3183
76.5773
76.8366
77.096
77.3551
77.6144
77.8736
78.1331
78.3923
78.6515
78.9107
79.1697
79.4292
79.6885
79.9477
80.2069
80.466
80.7253
80.9847
81.2436
81.503
81.7622
82.0214
82.2807
82.5398
82.7991
83.0584
83.3179
83.577
83.8363
84.0956
84.3548
84.614
84.8732
85.1325
85.3917
85.6508
85.9103
86.1693
86.4287
86.6879
86.9472
87.2066
87.4656
87.7251
87.9841
88.2437
88.5029
95.8403
96.3647
101.575
106.625
107.275
111.273
113.369
115.464
117.56
119.655
121.751
123.847
125.943
128.038
130.134
132.229
134.325
136.421
138.516
140.612
142.707
144.804
146.899
148.994
151.09
153.186
155.281
157.377
159.473
161.568
163.664
165.76
167.855
169.951
172.046
174.142
176.238
178.333
180.429
182.525
184.62
186.716
188.811
190.907
193.002
195.098
197.194
199.29
201.385
203.482
205.577
207.672
209.768
211.864
213.959
216.054
218.151
220.246
222.341
224.438
226.532
228.628
230.724
232.82
234.916
237.011
239.106
241.203
243.298
245.394
247.49
249.585
251.68
253.776
255.872
257.967
260.063
262.159
264.254
266.35
268.446
270.542
272.638
274.733
276.828
278.924
281.02
283.115
285.209
287.307
289.402
291.498
293.593
295.689
285.801
287.447
281.16
275.144
276.579
272.345
271.331
270.319
269.304
268.291
267.277
266.263
265.25
264.237
263.223
262.21
261.196
260.182
259.17
258.156
257.142
256.129
255.115
254.102
253.089
252.075
251.062
250.048
249.035
248.022
247.007
245.995
244.981
243.967
242.954
241.941
240.927
239.913
238.9
237.887
236.873
235.86
234.847
233.833
232.819
231.806
230.793
229.78
228.766
227.753
226.739
225.726
224.712
223.699
222.685
221.671
220.658
219.645
218.631
217.618
216.604
215.591
214.577
213.564
212.55
211.537
210.524
209.51
208.496
207.482
206.47
205.456
204.442
203.429
210.532
209.824
214.486
218.967
218.401
221.675
222.768
223.86
224.952
226.044
227.136
228.228
229.32
230.413
231.505
232.596
233.689
234.782
235.874
236.967
238.059
239.151
240.243
241.335
242.427
243.519
244.612
245.704
246.797
247.889
248.981
250.074
251.166
252.258
253.35
254.443
255.535
256.627
257.72
258.811
259.904
260.996
262.088
263.18
264.273
265.365
266.457
267.549
268.642
269.733
270.827
271.919
273.01
274.103
275.195
276.288
277.379
278.471
279.564
280.656
281.749
282.841
283.933
285.025
286.118
272.138
272.665
263.215
254.106
254.365
247.498
244.679
241.861
239.043
236.225
233.407
230.589
227.771
224.952
222.135
219.317
216.499
213.68
210.863
208.045
205.226
202.409
199.591
196.772
193.954
191.137
188.319
185.5
182.682
179.865
177.047
174.228
171.41
168.592
165.774
162.956
160.138
157.32
154.503
151.684
148.866
146.048
143.23
140.411
137.594
134.776
131.958
129.14
126.322
123.503
120.686
117.868
115.05
112.231
109.414
133.078
131.252
146.956
162.063
160.708
171.877
175.929
179.982
184.034
188.087
192.139
196.191
200.244
204.296
208.349
212.401
216.453
220.506
224.559
228.612
232.663
236.715
240.768
244.82
248.872
252.926
256.978
261.03
265.083
269.135
273.188
277.241
281.293
285.344
289.396
293.45
297.501
301.554
283.692
286.922
275.647
264.865
267.707
260.185
258.551
256.918
255.285
253.652
252.018
250.385
248.752
247.118
245.486
243.853
242.219
240.586
238.952
237.319
235.686
234.052
232.42
230.786
229.154
227.52
225.887
224.253
222.62
220.987
219.353
217.72
216.087
214.454
212.82
211.187
209.554
207.921
206.288
204.654
203.021
201.388
199.754
198.121
196.488
194.855
193.221
191.588
189.955
188.322
186.688
185.055
183.422
181.789
180.156
178.522
176.889
175.256
173.623
171.99
170.357
168.723
167.09
165.457
163.822
162.19
160.556
158.923
157.29
155.657
154.024
152.39
150.757
149.124
147.491
145.857
144.224
142.591
140.958
139.325
137.691
136.057
134.425
132.792
131.158
129.525
127.892
126.258
124.625
122.992
121.358
119.726
118.092
116.459
114.825
113.192
111.559
109.926
108.293
106.659
105.026
103.393
101.76
100.127
98.4931
96.8599
95.2268
93.5933
91.9603
90.3271
88.6939
87.0604
85.4275
83.7942
82.1606
80.5277
78.8942
77.2609
75.628
73.9947
85.7647
84.6341
92.3749
99.8142
98.9208
104.367
106.211
108.055
109.899
111.743
113.587
115.431
117.275
119.119
120.963
122.808
124.652
126.496
128.34
130.184
132.028
133.872
135.716
137.56
139.404
141.248
143.092
144.936
146.78
148.625
150.468
152.312
154.157
156.0
157.844
159.689
161.533
163.377
165.221
167.065
168.909
170.753
172.597
174.441
176.285
178.129
179.973
181.818
183.661
185.506
187.35
189.193
191.038
192.882
194.726
196.57
198.414
200.258
202.102
203.946
205.79
207.634
209.478
211.323
213.167
215.011
216.854
218.699
220.543
222.387
224.23
226.075
227.919
229.763
231.607
233.451
235.295
224.607
225.98
219.059
212.421
213.573
208.798
207.39
205.982
204.575
203.168
201.76
200.353
198.946
197.539
196.131
194.724
193.317
191.91
190.503
189.095
187.688
186.28
184.872
183.466
182.058
180.65
179.244
177.836
176.429
175.022
173.615
172.207
170.799
169.392
167.984
166.577
165.17
163.762
162.355
160.948
159.541
158.133
156.726
155.319
153.912
152.504
151.097
149.689
148.282
146.875
145.467
144.06
142.653
141.246
145.813
144.63
147.401
150.038
148.961
150.71
150.853
150.995
151.139
151.282
151.424
151.567
151.71
151.853
151.996
152.138
152.281
152.424
152.567
152.71
152.853
152.996
153.139
153.281
153.424
153.567
153.71
153.853
153.996
154.139
154.281
154.424
154.567
154.71
154.853
155.519
155.681
156.191
156.688
156.86
157.278
157.557
157.836
158.115
158.394
158.672
158.95
159.23
159.508
159.787
160.065
160.344
160.623
160.902
161.18
161.459
161.738
162.016
162.295
162.574
162.852
163.131
163.41
163.688
163.967
164.246
164.525
164.803
165.082
165.361
165.639
165.918
166.196
166.475
166.754
167.033
167.311
167.589
167.868
168.147
168.426
168.705
168.983
169.262
169.54
169.819
170.098
170.376
170.655
170.934
171.213
171.491
171.77
172.048
172.327
172.606
172.884
173.164
173.442
173.721
173.999
174.278
174.557
174.835
175.114
175.393
175.671
175.95
176.228
176.508
176.786
177.065
177.343
177.622
177.9
178.18
178.458
178.737
179.016
179.295
179.573
179.851
180.13
180.408
180.688
180.966
181.244
181.523
181.802
182.081
182.359
182.639
182.917
183.196
183.474
183.753
184.032
184.311
184.589
184.867
185.147
185.424
185.703
185.982
186.261
186.54
186.819
187.097
187.376
187.655
187.933
188.212
188.49
188.769
189.048
189.326
189.605
184.269
184.337
180.69
177.168
177.136
174.451
173.272
172.094
170.916
169.738
168.561
167.382
166.204
165.027
163.849
162.671
161.493
160.315
159.137
157.959
156.782
155.603
154.426
153.247
152.069
150.892
149.714
148.536
147.358
146.18
145.002
143.824
142.646
141.468
140.29
139.113
137.935
136.757
135.579
134.401
133.224
132.045
130.867
129.689
128.512
127.334
126.156
124.978
123.8
122.622
121.444
120.266
119.088
117.911
116.733
115.554
114.377
113.199
112.021
110.843
109.665
108.487
107.309
106.131
104.954
103.776
102.597
101.42
100.242
99.064
97.8862
96.7083
95.5302
94.3523
93.1748
91.9966
90.8188
89.6405
88.4628
87.2849
86.1072
84.9291
83.7512
82.5736
81.3957
80.2179
79.0398
77.8619
76.6837
75.506
74.3282
73.1502
71.9723
70.7945
69.6165
68.4386
67.2607
66.0827
64.905
63.727
62.5491
61.3712
60.1934
59.0154
57.8377
56.6596
55.4819
54.3039
53.1261
51.9482
50.7701
49.5923
48.4145
47.2366
46.0585
44.8807
43.7028
42.5248
50.0985
49.2486
54.1914
58.937
58.2426
61.6869
62.7795
63.872
64.9645
66.057
67.1495
68.2421
69.3347
70.4271
71.5197
72.6122
73.7046
74.7973
75.8897
76.9824
78.0748
79.1673
80.2598
81.3526
82.445
83.5377
84.6301
85.7226
86.8154
87.9075
89.0001
90.0927
91.1854
92.2779
93.3703
94.4629
95.5555
96.6481
97.7406
98.8329
99.9254
101.018
102.11
103.203
104.296
105.388
106.481
107.573
108.666
109.758
110.851
111.943
113.036
114.128
112.45
113.44
112.594
111.812
112.751
112.38
112.754
113.128
113.502
113.876
114.25
114.623
114.997
115.371
115.745
116.118
116.492
116.866
117.24
117.613
117.988
118.362
118.735
119.109
119.483
119.857
120.231
120.604
120.978
121.352
121.725
122.099
122.473
122.847
123.221
123.595
123.969
124.342
124.716
125.09
125.464
125.838
126.211
126.585
126.959
127.333
127.707
128.081
128.455
128.828
129.202
129.576
129.949
130.323
130.697
131.071
131.445
131.819
132.193
132.566
132.94
133.314
133.688
134.062
134.435
134.81
135.183
135.557
135.931
136.304
136.678
137.052
137.425
137.8
138.173
138.547
138.921
139.295
139.669
140.042
140.416
140.79
141.164
141.537
141.912
142.285
142.659
143.033
143.407
143.781
144.155
144.528
144.902
145.276
145.649
146.023
146.397
146.771
147.145
147.519
147.892
148.266
148.64
149.014
149.388
149.762
150.136
147.195
147.445
145.501
143.632
143.823
142.446
141.961
141.474
140.989
140.503
140.017
139.532
139.046
138.56
138.073
137.588
137.102
136.616
136.13
135.644
135.158
134.672
134.187
133.7
133.214
132.729
132.243
131.757
131.271
130.786
130.299
129.813
129.328
128.842
128.356
127.87
127.384
126.898
126.412
125.926
125.44
124.955
124.469
123.983
123.497
123.011
122.525
122.039
121.553
121.067
120.582
120.096
119.61
119.124
118.638
118.152
117.666
117.18
116.695
116.208
115.723
115.237
114.751
114.265
113.779
113.293
112.807
112.322
111.835
111.349
110.864
110.378
109.892
109.406
108.92
108.434
107.948
107.463
106.977
106.491
106.005
105.519
105.033
104.547
104.061
103.575
103.09
102.604
102.118
101.632
101.146
100.66
100.174
99.6882
99.2024
98.7167
98.2306
97.7449
97.2588
96.7731
96.2871
95.8013
95.3154
94.8294
94.3435
93.8577
93.3717
92.8859
92.3999
91.9139
91.4282
90.9424
90.4566
89.9705
89.4846
88.9989
88.5128
88.0272
87.541
87.055
86.5692
86.0835
85.5978
85.1117
84.6259
84.1398
83.6539
83.1681
82.6822
82.1966
81.7102
81.2246
80.7388
80.2526
79.7669
79.281
78.795
78.3093
77.8235
77.3374
76.8518
76.3656
95.0545
95.2869
108.212
120.704
121.278
130.919
135.408
139.896
144.385
148.874
153.362
157.851
162.34
166.828
171.317
175.806
180.294
184.783
189.272
193.76
198.249
202.737
207.226
211.715
216.203
220.691
225.181
229.67
234.158
238.647
243.136
247.624
252.113
256.601
261.09
265.579
270.067
274.556
279.045
283.533
288.022
292.511
297.0
301.488
305.977
279.989
283.336
266.51
250.372
253.177
241.57
238.151
234.733
231.316
227.898
224.48
221.063
217.645
214.227
210.809
207.391
203.974
200.556
197.139
193.721
190.303
186.885
183.468
180.05
176.633
173.214
169.797
166.379
162.961
159.544
156.126
152.708
149.291
145.872
142.455
139.038
135.62
132.201
128.784
125.366
121.948
118.531
115.113
111.695
108.278
104.86
101.442
98.0244
94.607
91.189
87.7711
84.3535
80.9359
77.5182
74.1004
70.6827
67.2648
63.8475
60.4296
57.0117
53.5942
50.1764
46.7588
43.3411
39.9232
36.5055
33.0877
59.9415
57.6582
75.4118
92.4837
90.738
103.308
107.744
112.18
116.616
121.051
125.487
129.922
134.358
138.794
143.229
147.665
152.101
156.536
160.972
165.408
169.843
174.279
178.714
183.15
187.586
192.022
196.457
200.893
205.329
209.764
214.2
218.636
223.072
227.507
231.942
236.379
240.813
245.25
249.686
232.368
235.989
225.211
214.923
218.157
211.104
209.897
208.689
207.481
206.274
205.066
203.859
202.651
201.443
200.236
199.028
197.82
196.613
195.405
194.197
192.99
191.783
190.575
189.367
188.159
186.952
185.744
184.537
183.329
182.122
180.914
179.706
178.498
177.291
176.083
174.876
173.668
172.46
171.253
170.046
168.837
167.63
166.423
165.215
164.007
162.799
161.592
160.384
159.176
157.969
156.761
155.554
154.346
153.138
151.931
150.723
149.515
148.308
147.1
145.893
144.685
143.477
142.27
141.062
139.855
138.647
137.439
136.232
135.024
133.816
132.609
131.401
130.193
128.986
127.778
126.571
125.363
124.155
122.947
121.74
120.532
119.325
118.117
116.91
115.702
114.494
113.287
112.079
110.872
109.664
108.456
107.249
106.041
104.833
103.626
102.418
101.211
100.003
98.795
97.5875
96.38
95.1719
93.9647
92.757
91.5494
90.3416
89.134
87.9265
86.7189
85.5113
84.3036
83.0959
81.8883
80.6806
79.4732
78.2654
77.0578
75.8502
74.6425
73.4349
72.2272
71.0196
69.8122
68.6045
67.3965
66.1894
64.9816
63.7738
62.5667
61.3587
69.9128
69.0713
74.6909
80.0907
79.4224
83.3708
84.6955
86.0204
87.3454
88.6703
89.9952
91.3201
92.6452
93.9701
95.2948
96.62
97.9449
99.27
100.595
101.919
103.244
104.57
105.895
107.219
108.544
109.869
111.194
112.519
113.844
115.169
116.494
117.819
119.143
120.469
121.793
123.118
124.443
125.768
127.094
128.418
127.25
128.482
128.063
127.701
128.888
128.897
129.575
130.253
130.931
131.609
132.288
132.966
133.644
134.323
135.001
135.679
136.357
137.035
137.713
138.392
139.07
139.748
140.427
141.105
141.783
142.461
143.139
143.817
144.496
145.174
145.852
146.53
147.209
147.887
148.565
149.243
149.922
150.6
151.278
151.956
152.634
153.313
153.991
154.669
155.347
156.026
156.704
157.382
158.06
158.739
159.417
160.095
160.773
161.452
162.129
162.808
163.486
164.164
164.842
165.52
166.199
166.877
167.555
168.234
168.912
169.59
170.268
170.947
171.625
172.303
172.981
173.659
174.338
175.016
175.694
176.372
177.05
177.729
178.407
179.085
179.763
180.441
181.12
181.797
182.476
183.154
183.833
184.511
185.189
185.867
186.545
187.223
187.902
188.58
189.259
189.937
190.615
191.293
191.972
192.65
193.328
194.005
194.685
195.362
196.041
196.72
197.398
198.075
198.754
199.432
200.11
200.789
201.466
202.145
202.823
196.31
196.719
192.368
188.178
188.459
185.339
184.151
182.964
181.777
180.589
179.402
178.215
177.026
175.84
174.652
173.465
172.277
171.09
169.902
168.715
167.528
166.34
165.153
163.965
162.778
161.591
160.403
159.215
158.027
156.841
155.653
154.466
153.278
152.091
150.904
149.716
148.529
147.341
146.153
144.967
143.778
142.592
141.404
140.217
139.029
137.842
136.654
135.467
134.279
133.092
131.904
130.717
129.53
128.342
127.155
125.967
124.78
123.592
122.405
121.218
120.03
118.842
117.655
116.468
115.28
114.093
112.905
111.718
110.531
109.343
108.156
106.969
105.781
104.593
103.406
102.219
101.032
99.8438
98.656
97.4689
96.2816
95.0941
93.9067
92.7191
91.5317
90.3444
89.1568
87.9692
86.782
85.5945
84.4072
83.2196
82.0321
80.8446
79.6572
78.47
77.2825
76.0952
74.9075
73.72
72.5328
71.3452
70.1576
68.9704
67.7829
66.5957
65.4083
64.2206
63.0333
61.8459
60.6583
59.4712
58.2835
57.0959
55.9088
54.7212
53.5338
52.3464
51.1588
49.9715
48.784
47.5967
46.4093
45.2218
44.0344
42.8469
41.6595
40.472
51.7079
50.9861
58.4874
65.709
65.2078
70.582
72.6175
74.6531
76.6888
78.7243
80.7602
82.7956
84.8311
86.8667
88.9024
90.938
92.9735
95.0091
97.0449
99.0803
101.116
103.151
105.187
107.223
109.259
111.294
113.329
115.365
117.401
119.436
121.472
123.508
125.543
127.579
129.615
131.65
133.686
135.721
137.757
139.792
141.828
143.864
145.899
147.935
149.97
152.006
154.042
156.077
158.113
160.148
162.184
164.219
166.255
168.291
170.327
172.362
162.354
163.939
157.551
151.435
152.806
148.48
147.392
146.303
145.214
144.125
143.036
141.947
140.859
139.77
138.681
137.592
136.503
135.414
134.325
133.236
132.148
131.059
129.97
128.881
127.792
126.704
125.615
124.526
123.437
122.348
121.26
120.171
119.082
117.993
116.904
115.815
114.727
113.638
112.549
111.46
110.371
109.282
108.193
107.104
106.016
104.927
103.838
102.75
101.661
100.572
99.4829
98.3939
97.3053
96.2166
95.1276
94.0388
92.9499
91.861
90.7723
89.6834
88.5946
87.506
86.417
85.3283
84.2395
83.1505
82.0617
80.9726
79.8839
78.7952
77.7064
76.6176
75.5286
74.44
73.3512
72.2622
71.1733
70.0846
68.9957
67.9069
66.818
65.7294
64.6405
63.5517
62.4626
61.3738
60.2852
59.1963
58.1075
57.0186
62.7994
61.9681
65.6839
69.245
68.5356
71.0748
71.7683
72.4617
73.1551
73.8486
74.5418
75.2354
75.9287
76.6222
77.3156
78.0088
78.7023
79.3957
80.0892
80.7826
81.4756
82.1693
82.8627
83.556
84.2496
84.943
85.6364
86.3295
87.0229
87.7165
88.4098
89.1033
89.7966
90.4901
91.1835
91.8767
92.5705
93.2633
93.9571
94.6504
95.3437
96.0372
96.7306
97.4238
98.1175
98.8107
99.5041
100.197
100.891
101.585
102.278
102.971
103.665
104.358
105.051
105.745
106.438
107.131
107.825
108.518
109.211
109.905
110.598
111.292
111.985
112.678
113.372
114.065
114.759
115.452
116.146
116.839
117.532
118.226
118.919
119.612
120.306
120.999
121.693
122.386
123.08
123.773
124.466
125.16
125.853
126.547
127.24
127.933
128.627
129.32
130.013
130.707
131.4
132.094
132.787
133.48
134.174
134.867
135.561
136.254
136.947
137.641
138.334
139.027
139.721
140.414
141.108
141.801
142.494
143.188
143.881
144.574
145.268
145.961
146.655
147.348
148.041
148.735
149.428
150.122
150.815
151.509
152.202
152.895
153.589
154.282
154.975
155.669
156.362
157.056
157.749
158.442
159.136
159.829
160.523
161.216
161.91
160.861
161.488
160.963
160.477
161.074
160.848
161.089
161.33
161.572
161.813
162.055
162.296
162.538
162.779
163.02
163.262
163.502
163.744
163.986
164.227
164.468
164.71
164.951
165.192
165.434
165.675
165.916
166.158
166.399
166.64
166.882
167.123
167.365
167.606
167.847
168.089
168.33
168.571
168.813
169.054
169.295
169.537
169.778
170.02
170.261
170.502
170.744
170.985
171.227
171.468
171.709
171.951
172.192
172.434
172.675
172.916
173.157
173.399
173.303
173.532
173.537
173.55
173.772
173.836
173.99
174.144
174.297
174.451
174.605
174.759
174.913
175.066
175.22
175.374
175.528
175.682
175.836
175.989
176.143
176.297
176.451
176.605
176.759
176.912
177.066
177.22
177.373
177.528
177.682
177.836
177.99
178.143
178.296
178.451
178.605
178.758
178.912
179.066
179.22
179.374
179.527
179.682
179.836
179.989
180.143
180.297
180.451
180.604
180.758
180.912
181.066
181.221
181.374
181.528
181.682
181.835
181.989
182.143
182.297
182.45
182.604
182.758
182.912
183.066
183.219
183.373
183.528
183.682
183.835
183.989
184.143
184.297
184.45
184.605
184.758
184.912
185.066
185.22
185.374
185.527
185.682
185.835
185.989
186.143
186.297
186.45
186.604
186.758
186.912
187.066
187.22
187.373
187.528
187.681
187.835
187.989
188.143
188.297
188.451
188.604
188.758
188.912
189.066
189.22
189.373
189.527
189.681
189.835
189.989
190.143
190.296
190.45
190.604
190.758
190.912
186.428
186.409
183.32
180.335
180.233
177.938
176.888
175.839
174.79
173.741
172.692
171.642
170.594
169.545
168.495
167.446
166.397
165.348
164.299
163.25
162.201
161.152
160.102
159.053
158.004
156.955
155.906
154.857
153.808
152.759
151.71
150.66
149.611
148.562
147.513
146.464
145.415
144.366
143.316
142.268
141.218
140.169
139.12
138.071
137.022
135.972
134.923
133.874
132.825
131.776
130.727
129.678
128.629
127.579
126.53
125.481
124.432
123.383
122.334
121.285
120.236
119.187
118.137
117.088
116.039
114.99
113.941
112.892
111.842
110.793
109.745
108.695
107.646
106.597
105.548
104.499
103.45
102.4
101.351
100.302
99.2532
98.2041
97.155
96.1059
95.0569
94.0075
92.9584
91.9092
90.8597
89.8109
88.7618
87.713
86.6636
85.6147
84.5656
83.5166
82.467
81.418
80.3691
79.3198
78.2707
77.2214
76.1726
75.1235
74.0743
73.0252
71.9761
70.9267
69.8776
68.8286
67.7797
66.7304
65.6814
64.6322
63.5831
62.5339
61.4848
60.4356
59.3867
58.3375
57.2884
56.2391
70.6429
70.1727
79.9312
89.3416
89.1459
96.2585
99.2181
102.178
105.138
108.098
111.057
114.017
116.977
119.937
122.897
125.857
128.817
131.776
134.737
137.696
140.656
143.616
146.576
149.536
152.496
155.455
158.415
161.375
164.335
167.294
170.254
173.214
176.174
179.134
182.094
185.054
188.013
190.973
193.933
196.893
199.853
202.813
205.772
208.733
211.692
214.652
217.612
220.571
223.531
226.491
209.012
211.206
199.871
188.996
190.827
182.992
180.649
178.307
175.964
173.621
171.278
168.935
166.593
164.25
161.907
159.564
157.222
154.879
152.536
150.193
147.851
145.508
143.165
140.823
138.48
136.137
133.795
131.452
129.109
126.766
124.423
122.081
119.738
117.395
115.053
112.71
110.367
108.024
105.682
103.339
100.996
98.6533
96.3108
93.9681
91.6254
89.2827
86.9398
84.5969
82.2546
79.9115
77.5688
75.2262
72.8833
70.5408
68.198
65.8557
63.5126
61.1698
58.8273
56.4846
54.1418
51.7991
49.4563
47.1134
44.7707
42.428
40.0852
37.7425
35.4
33.0574
40.3058
38.3225
42.6883
46.8375
45.0246
47.7478
47.8935
48.0392
48.1846
48.3304
48.4759
48.6216
48.7671
48.9127
49.0585
49.2039
49.3497
49.4953
49.6409
49.7866
49.9321
50.0777
50.2235
50.3691
50.5146
50.6603
50.8058
50.9514
51.0971
51.2428
51.3883
51.5341
51.6796
51.8252
51.9708
52.1165
52.2621
52.4078
52.5533
52.6989
52.8446
52.9903
53.1358
53.2815
53.4271
53.5725
53.7184
53.8637
54.0095
54.1552
54.3008
54.4465
54.5921
54.7377
54.8833
55.0289
55.1746
55.3201
55.466
55.6114
55.7571
55.9028
56.0484
56.194
56.3396
56.4853
56.6308
56.7764
56.9221
57.0677
57.2133
57.359
57.5045
57.6502
57.7958
57.9414
58.087
58.2326
58.3785
58.5238
58.6696
58.8151
58.9608
59.1064
59.252
59.3977
59.5433
59.6889
59.8346
59.9802
60.1255
60.2713
60.417
60.5626
60.7082
60.8537
60.9995
61.1453
61.2908
61.4362
61.5818
61.7276
61.8732
69.2283
69.6442
74.8322
79.8575
80.4013
84.355
86.3708
88.3871
90.403
92.4192
94.4351
96.451
98.467
100.483
102.499
104.515
106.531
108.547
110.563
112.579
114.595
116.611
118.627
120.643
122.659
124.675
126.691
128.708
130.723
132.739
134.755
136.771
138.787
140.803
142.82
144.835
146.851
148.867
150.883
152.9
154.916
156.932
158.947
160.964
162.98
164.996
167.012
169.028
171.044
173.06
175.076
177.092
179.108
181.124
183.14
185.156
187.171
189.188
191.204
193.22
195.236
197.252
180.791
182.115
171.207
160.717
161.712
153.969
151.192
148.414
145.636
142.859
140.081
137.303
134.526
131.748
128.97
126.193
123.415
120.637
117.86
115.082
112.304
109.527
106.749
103.972
101.194
98.4161
95.6388
92.8611
90.0837
87.3057
84.5284
81.7506
78.9728
76.1949
73.418
70.64
67.8625
65.0846
62.3071
59.5296
56.7519
53.9742
51.1968
48.4191
45.6415
58.9533
56.7786
65.2537
73.3662
71.4774
77.1978
78.594
79.9907
81.3871
82.7833
84.1799
85.5764
86.9728
88.3695
89.7659
91.1625
92.5588
93.9552
95.3519
96.7483
98.1447
99.5415
100.938
102.334
103.731
105.127
106.524
107.92
109.316
110.713
112.109
113.506
114.902
116.299
117.696
119.092
120.488
121.885
123.281
124.678
126.074
127.471
128.867
130.263
131.66
133.057
134.453
135.85
137.246
138.643
140.039
141.436
142.832
144.228
145.625
147.022
148.418
149.814
151.21
152.607
154.004
155.4
156.796
158.193
159.589
160.986
162.382
163.779
165.176
166.572
167.969
169.365
170.762
172.158
173.554
174.951
176.347
177.744
179.14
180.536
181.934
183.33
184.726
186.122
187.519
188.915
190.312
191.708
193.105
194.502
195.898
197.294
198.691
200.087
201.484
202.881
204.276
205.674
207.07
208.466
209.863
211.259
212.656
214.052
215.449
216.845
218.241
219.638
221.034
222.431
223.828
225.225
226.621
228.016
229.414
230.81
219.215
220.125
212.436
205.038
205.717
200.252
198.278
196.305
194.33
192.357
190.383
188.409
186.434
184.461
182.487
180.513
178.539
176.565
174.591
172.617
170.643
168.669
166.695
164.722
162.748
160.773
158.799
156.825
154.852
152.878
150.903
148.93
146.956
144.982
143.008
141.034
139.06
137.086
135.112
133.139
131.165
129.191
127.217
125.243
123.269
121.295
119.321
117.347
115.373
113.399
111.426
109.452
107.478
105.504
103.53
101.556
99.582
97.6082
95.6342
93.6602
91.686
89.7124
87.7384
85.7645
83.7904
81.8166
79.8427
77.8687
75.8949
73.9208
71.947
69.9734
67.9992
66.0254
64.0514
62.0775
60.1037
64.1815
62.4346
64.6935
66.816
65.1763
66.3988
65.995
65.5913
65.1873
64.7835
64.3798
63.9761
63.572
63.1684
62.7643
62.3606
61.9568
61.5529
61.149
60.7452
60.3415
59.9376
59.534
59.1298
58.7263
58.3224
57.9185
57.5147
57.111
56.707
56.3031
55.8996
55.4956
55.0918
54.688
54.2842
53.8803
53.4766
53.0727
52.6689
52.265
51.8613
51.4576
51.0536
50.6497
50.246
49.8421
49.4383
49.0345
48.6306
48.2267
47.823
51.3185
51.0609
53.3843
55.6199
55.4312
57.0872
57.695
58.3026
58.9105
59.5182
60.1261
60.7338
61.3416
61.9496
62.5574
63.1654
63.7728
64.3808
64.9885
65.5966
66.2041
66.812
67.4199
68.0276
68.6354
69.2431
69.8512
70.459
71.0665
71.6745
72.2821
72.8901
73.498
74.1059
74.7136
75.3211
75.9293
76.5368
77.1448
77.7526
78.3605
78.968
79.5759
80.1838
80.7918
81.3994
82.0072
82.615
83.2227
83.8307
84.4386
85.0462
85.6539
86.2619
86.8696
87.4775
88.0856
88.6929
89.3007
89.9087
90.5169
91.1243
91.7324
92.3401
92.9476
93.5557
94.1635
94.7716
95.3789
95.9867
96.5945
97.2023
97.8106
98.4178
99.0258
99.6338
100.241
100.849
101.457
102.065
102.673
103.28
103.888
104.496
105.104
105.712
106.32
106.927
107.535
108.143
108.751
109.359
109.966
110.574
111.182
111.79
112.398
113.005
113.613
114.221
114.829
115.437
116.045
116.652
117.26
117.868
118.476
119.084
119.691
120.299
120.907
121.515
122.123
122.73
123.338
123.946
124.554
125.162
125.769
126.377
126.985
127.593
128.201
128.809
129.416
130.024
130.632
131.24
131.847
132.456
133.063
133.671
134.279
134.887
135.494
136.103
136.71
137.318
137.925
138.533
139.141
139.749
140.357
140.965
141.573
142.18
142.788
143.396
144.004
144.611
145.219
145.827
146.435
143.535
144.011
142.165
140.399
140.813
139.567
139.265
138.963
138.661
138.359
138.056
137.754
137.451
137.149
136.847
136.544
136.242
135.94
135.638
135.335
135.033
134.731
134.429
134.126
133.823
133.521
133.219
132.916
132.615
132.312
132.01
131.708
131.405
131.103
130.801
130.499
130.196
129.894
129.591
129.289
128.987
128.684
128.382
128.08
127.778
127.475
127.173
126.871
126.568
126.266
125.964
125.661
125.359
125.057
124.754
124.452
124.15
123.848
123.545
123.243
122.941
122.638
122.336
122.034
121.731
121.429
121.126
120.824
120.522
120.219
119.918
119.615
119.313
119.011
118.708
118.406
118.104
117.801
117.499
117.197
116.894
116.592
116.29
115.987
115.685
115.383
115.081
114.778
114.476
114.174
113.871
113.569
113.267
112.965
112.662
112.36
112.057
111.755
111.453
111.151
110.849
110.546
110.244
109.941
109.639
109.336
109.034
108.732
108.43
108.127
107.825
107.523
107.22
106.918
106.616
106.314
106.011
105.709
105.407
105.104
104.802
104.5
104.197
103.895
103.593
103.29
102.988
102.686
102.384
102.265
101.969
101.795
101.617
101.325
101.119
100.864
100.61
100.355
100.1
99.8454
99.5906
99.3355
99.0807
98.826
98.5715
98.3166
98.0617
97.8071
97.5522
97.2975
97.0425
96.7881
96.5336
96.2782
96.0236
95.7689
95.5144
95.2594
95.0045
94.75
94.4952
94.2404
93.9858
93.7308
93.4764
93.2215
92.9668
92.7118
92.457
92.2023
91.9475
91.6927
91.438
91.1831
90.9285
90.6737
90.4193
90.1645
89.9097
89.6543
89.4
89.1452
88.8904
88.6356
88.3811
88.1259
87.8717
87.6166
87.3618
87.1072
86.8525
86.5976
86.3428
86.0881
85.8334
85.5783
85.3238
85.0689
84.8144
84.5595
84.3048
84.05
83.7952
83.5405
83.2857
83.0308
82.776
82.5212
82.2665
82.0116
81.757
81.5022
81.2474
80.9927
80.7379
80.4831
80.2284
79.9737
79.719
79.4642
79.2094
78.9547
78.6997
78.4451
78.1903
77.9356
77.681
77.4261
77.1712
76.9167
76.6619
76.4069
76.1524
75.8976
75.6429
75.3881
75.1334
74.8785
74.6238
74.3689
74.1142
73.8593
73.6048
73.3498
73.0951
72.8405
72.5854
72.3309
72.0758
71.8214
71.5668
71.3119
71.0572
70.8022
70.5475
70.2928
70.0382
69.7835
69.5286
69.2736
69.019
68.7641
68.5094
68.2547
67.9999
67.7452
67.4903
67.2356
66.981
66.726
66.4711
66.2166
65.9617
65.7069
65.4522
65.1975
64.9428
64.6878
64.4333
64.1783
63.9238
63.6689
63.4141
63.1594
62.9046
62.6498
71.926
72.0282
78.4394
84.6356
84.907
89.6863
91.9039
94.1217
96.3396
98.5573
100.775
102.993
105.211
107.429
109.647
111.864
114.082
116.3
118.518
120.736
122.954
125.172
127.389
129.607
131.825
134.043
136.261
138.478
140.696
142.914
145.132
147.35
149.568
151.785
154.003
156.221
158.439
160.657
162.875
165.092
167.31
169.528
171.746
173.963
176.181
178.399
180.617
182.835
185.052
187.27
189.488
191.706
193.924
196.142
198.36
200.578
202.795
205.013
207.231
209.449
211.667
213.885
216.102
218.321
220.538
222.756
224.974
227.192
229.41
231.627
233.845
236.063
238.281
240.499
242.716
244.934
247.152
249.37
228.735
230.097
216.331
203.081
204.036
194.184
190.473
186.763
183.052
179.34
175.63
171.919
168.208
164.497
160.786
157.075
153.364
149.654
145.942
142.231
138.52
134.81
131.099
127.388
123.677
119.966
116.255
112.544
108.834
105.122
101.411
97.7007
93.9894
90.2786
86.5681
82.8569
79.1458
75.4351
71.7244
68.0129
64.3023
60.5915
56.8805
53.1699
49.4589
64.3346
61.3201
70.6086
79.4779
76.7937
82.8997
84.0109
85.1218
86.2326
87.3439
88.455
89.5661
90.6768
91.7882
92.8992
94.0103
95.1212
96.2322
97.3435
98.4543
99.5654
100.677
101.787
102.899
104.01
105.12
106.232
107.343
108.454
109.565
110.676
111.787
112.898
114.009
115.12
116.231
117.342
118.453
119.564
120.675
121.786
122.897
124.008
125.12
126.231
127.342
128.452
129.564
130.675
131.786
132.897
134.008
135.119
136.23
137.341
138.452
139.563
140.674
141.785
142.897
144.007
145.118
146.229
147.341
148.452
149.562
150.674
151.785
152.896
154.007
155.118
156.229
157.34
158.451
159.562
160.673
161.784
162.895
164.006
165.118
166.228
167.34
168.45
169.561
170.673
171.784
172.895
174.006
175.117
176.227
177.339
178.45
179.561
180.672
181.783
182.894
184.005
185.116
186.227
187.338
188.449
189.56
190.672
191.782
192.893
194.005
195.116
196.227
197.338
198.449
199.56
200.671
201.782
202.893
204.004
205.116
206.225
207.337
208.448
209.559
210.671
211.782
212.893
214.004
215.115
216.226
217.336
218.448
219.559
220.67
221.781
222.892
224.003
225.114
226.225
227.337
228.447
229.559
230.669
231.78
232.891
234.003
235.113
236.225
237.336
238.447
239.558
240.669
241.78
242.891
244.002
245.114
246.225
247.335
248.447
249.558
250.668
251.779
252.891
254.001
255.112
256.224
251.4
252.289
249.249
246.344
247.127
245.104
244.675
244.246
243.818
243.39
242.96
242.532
242.104
241.676
241.246
240.818
240.39
239.962
239.532
239.104
238.675
238.247
237.818
237.39
236.961
236.534
236.103
235.675
235.246
234.818
234.39
233.962
233.533
233.104
232.675
232.247
231.819
231.39
230.961
230.533
230.104
229.676
229.248
228.819
228.39
227.962
227.533
227.104
226.676
226.247
225.819
225.39
224.961
224.533
224.105
223.676
223.247
222.819
222.39
221.962
221.533
221.105
220.676
225.874
225.656
229.163
232.543
232.426
234.969
236.0
237.032
238.062
239.093
240.125
241.156
242.187
243.219
244.249
245.281
246.312
247.343
248.375
249.405
250.437
251.468
252.5
253.531
254.562
255.593
256.624
257.655
258.687
259.718
260.749
261.78
262.811
263.842
264.873
265.904
266.936
267.966
268.998
270.029
271.061
272.092
273.123
274.154
275.185
276.217
277.248
278.279
279.311
280.341
281.372
282.404
283.435
284.466
285.498
286.529
287.56
288.591
289.622
290.653
291.685
292.716
293.746
294.778
287.658
288.385
283.715
279.23
279.811
276.537
275.454
274.372
273.288
272.205
271.122
270.038
268.954
267.871
266.788
265.704
264.622
263.538
262.455
261.372
260.288
259.205
258.123
257.038
255.956
254.873
253.789
252.705
251.622
250.539
249.456
248.372
247.289
246.206
245.122
244.039
242.957
241.873
240.79
239.706
238.623
237.54
236.457
235.373
234.29
233.207
232.123
231.04
230.307
229.238
228.401
227.554
226.49
225.593
224.601
223.608
222.616
221.624
220.632
219.639
218.647
217.655
216.663
215.67
214.679
213.686
212.694
211.702
210.71
209.718
208.725
207.733
206.741
205.749
204.756
203.764
202.772
201.78
200.788
199.796
198.803
197.812
196.819
195.827
194.835
193.842
192.85
191.857
190.866
189.874
188.882
187.889
186.897
185.905
184.912
183.921
182.928
181.937
180.944
179.952
178.959
177.967
176.975
175.983
174.991
173.998
173.006
172.014
171.022
170.03
169.038
168.046
167.053
166.06
165.069
164.076
163.085
162.092
161.1
160.108
159.116
158.123
157.132
156.139
155.147
154.155
153.162
152.17
151.178
150.186
149.194
148.201
147.209
146.217
145.225
144.232
143.241
142.248
141.256
140.264
139.272
138.28
137.287
136.295
135.303
134.311
133.318
132.326
131.334
130.342
129.35
128.358
127.365
126.373
125.381
124.389
123.397
122.404
121.412
120.42
119.428
118.436
117.443
116.451
115.459
114.466
113.474
112.482
111.49
110.498
109.506
108.514
107.522
106.529
105.537
104.545
103.552
106.628
105.788
107.641
109.402
108.634
109.791
109.853
109.917
109.98
110.043
110.106
110.169
110.232
110.295
110.358
110.421
110.484
110.547
110.61
110.673
110.736
110.799
110.862
110.926
110.989
111.051
111.115
111.178
111.241
111.304
111.367
111.43
111.493
111.556
111.619
111.682
111.746
111.808
111.871
111.935
111.997
112.061
112.124
112.187
112.249
112.313
112.376
112.439
112.502
112.565
112.628
112.691
112.754
112.817
112.88
112.943
113.006
113.07
113.133
113.196
113.259
113.322
113.385
113.448
113.511
113.574
113.637
113.7
113.763
113.826
113.889
113.952
114.015
114.078
114.141
114.205
114.267
114.331
114.394
114.457
114.52
114.583
114.646
114.709
114.772
114.835
114.898
114.962
115.025
115.087
115.151
115.214
115.277
115.34
115.403
115.466
115.529
115.592
115.655
115.718
115.781
115.844
115.907
115.97
116.033
116.096
116.159
116.222
116.286
116.349
116.412
122.122
122.397
126.41
130.295
130.67
133.717
135.245
136.773
138.301
139.83
141.358
142.885
144.414
145.942
147.47
148.999
150.527
152.055
153.583
155.111
156.64
158.168
159.696
161.224
162.753
164.281
165.809
167.337
168.866
170.394
171.922
173.45
174.979
176.506
178.035
179.564
181.091
182.62
184.148
185.676
187.204
188.732
190.261
191.789
193.317
194.845
196.374
197.902
199.429
200.959
202.487
204.015
205.543
196.121
197.239
191.11
185.227
186.15
181.895
180.583
179.27
177.958
176.645
175.333
174.021
172.708
171.396
170.083
168.77
167.459
166.146
164.833
163.521
162.208
160.897
159.584
158.271
156.959
155.647
154.334
153.022
151.709
150.397
149.085
147.772
146.459
145.147
143.835
142.522
141.21
139.897
138.585
137.273
135.961
134.648
133.335
132.023
130.711
129.398
128.086
126.773
125.461
124.148
122.836
121.524
120.211
118.898
117.586
116.274
114.961
113.649
112.337
111.024
109.711
108.399
107.087
105.774
104.462
103.15
101.837
100.525
99.2121
97.8997
96.5874
95.2747
93.9624
92.6501
91.3374
90.025
88.7128
87.4004
86.0879
84.7754
83.4629
82.1504
80.8382
79.5256
78.2134
76.901
75.5883
74.2761
72.9638
71.6513
70.3386
69.0265
67.7137
66.4016
65.0889
63.7766
62.4641
61.1521
59.8392
58.527
57.2146
55.9021
54.5898
53.2774
51.9648
50.6524
49.3399
48.0273
46.7151
45.4027
44.0904
42.7779
51.7057
50.7769
56.6262
62.245
61.4982
65.594
66.9384
68.2824
69.6268
70.9708
72.3149
73.6592
75.0034
76.3476
77.6918
79.0359
80.3802
81.7245
83.0687
84.4125
85.757
87.1013
88.4453
89.7895
91.1337
92.4778
93.8221
95.1665
96.5107
97.8547
99.1989
100.543
101.887
103.231
104.576
105.92
107.264
108.608
109.952
111.297
112.641
113.985
115.329
116.673
118.018
119.361
120.706
122.05
123.394
124.738
126.083
127.427
128.771
130.115
131.459
132.803
134.148
135.492
136.836
138.18
139.525
134.054
135.143
131.721
128.453
129.421
127.166
126.742
126.318
125.895
125.471
125.047
124.623
124.2
123.776
123.352
122.929
122.505
122.081
121.657
121.234
120.81
120.386
119.963
119.539
119.115
118.691
118.268
117.844
117.42
116.997
116.573
116.149
115.725
115.302
114.878
114.454
114.031
113.607
113.184
112.76
112.336
111.912
111.489
111.065
110.641
110.217
109.794
109.37
108.947
108.523
108.099
107.675
107.252
106.828
106.404
105.98
105.556
105.133
104.709
104.462
104.045
103.745
103.44
103.026
102.696
102.318
101.94
101.562
101.184
100.806
100.428
100.05
99.6726
99.2946
98.9167
98.5388
98.1605
97.7828
97.405
97.0269
96.6493
96.2712
95.8931
95.5152
95.1374
94.7596
94.3814
94.0035
93.6257
93.2475
92.8697
92.4919
92.1141
91.7359
91.3579
90.98
90.602
90.2243
89.8462
89.4684
89.0904
88.7123
88.3345
87.9564
87.5788
87.2008
86.8226
86.445
86.0672
85.6891
85.3113
84.9331
84.5552
84.1773
83.7995
83.4215
83.0435
82.6657
82.2876
81.9099
81.5317
81.1539
80.7758
80.398
80.0199
79.6422
79.2642
78.8862
78.5082
78.1303
77.7523
77.3744
76.9966
76.6187
76.2406
75.8627
75.4848
75.1068
74.7291
74.3512
73.9731
73.5952
73.2171
72.8394
72.4613
72.0834
71.7057
71.3276
70.9498
70.5718
70.1937
69.8161
69.4379
69.0601
68.6822
68.3039
67.9262
67.5484
67.1701
66.7922
66.4145
66.0366
65.6586
65.2807
64.9027
64.5248
64.1471
63.7689
63.391
63.0131
62.6351
62.2572
61.8793
61.5013
61.1235
60.7456
60.3674
59.9896
59.6118
59.2339
58.8559
58.4778
58.1001
57.7221
57.3441
56.9663
64.7903
64.7198
70.0781
75.2516
75.3267
79.2807
81.0307
82.7807
84.5306
86.2802
88.0303
89.7803
91.5299
93.2801
95.0299
96.7798
98.5298
100.28
102.029
103.779
105.529
107.279
109.029
110.779
112.529
114.279
116.028
117.778
119.529
121.279
123.028
124.778
126.528
128.278
130.028
131.778
133.528
135.277
137.028
138.778
138.839
140.526
141.095
141.702
143.359
144.217
145.529
146.841
148.152
149.465
150.777
152.088
153.4
154.713
156.024
157.337
158.649
159.96
161.272
162.584
163.896
165.208
166.52
167.832
169.143
170.456
171.768
173.079
174.392
175.703
177.015
178.327
179.639
180.952
182.263
183.575
184.887
186.199
187.511
188.823
190.134
191.446
192.759
194.07
195.382
196.694
198.006
199.318
200.63
201.942
203.254
204.566
205.878
207.19
208.502
209.813
211.125
212.438
213.749
215.061
216.373
217.686
218.997
220.309
221.621
222.933
224.245
225.556
226.869
228.181
229.492
230.805
232.116
233.428
234.74
236.052
237.364
238.676
239.988
241.3
242.611
243.923
245.236
246.548
247.86
249.171
250.483
251.795
253.107
254.419
255.731
257.043
258.355
259.666
260.979
262.291
263.603
264.915
266.227
267.539
268.851
270.162
271.474
272.786
274.099
275.41
276.722
278.034
279.345
280.658
281.969
283.282
284.594
285.905
287.218
288.529
289.841
291.154
292.465
293.777
295.089
296.401
297.713
299.025
300.338
293.196
294.192
289.592
285.183
286.028
282.875
281.995
281.113
280.233
279.353
278.471
277.59
276.709
275.828
274.947
274.066
273.185
272.305
271.423
270.542
269.662
268.781
267.9
267.019
266.138
265.257
264.377
263.496
262.614
261.733
260.853
259.971
259.091
258.21
257.329
256.448
255.567
254.686
253.805
252.925
252.043
251.163
247.277
246.283
243.3
240.384
239.338
236.87
235.209
233.548
231.888
230.227
228.567
226.906
225.245
223.584
221.923
220.263
218.603
216.942
215.281
213.62
211.96
210.3
208.639
206.978
205.317
203.657
201.996
200.335
198.676
197.015
195.354
193.693
192.033
190.372
188.711
187.051
185.389
183.73
182.069
180.408
178.748
177.087
175.426
173.766
172.105
170.445
168.784
167.124
165.463
163.802
162.142
160.48
158.82
157.159
155.499
153.838
152.177
150.517
148.857
147.196
145.535
143.875
142.214
140.553
138.893
137.232
135.572
133.911
132.25
130.589
128.929
127.268
125.607
123.947
122.286
120.626
118.965
117.304
115.644
113.983
112.323
110.662
109.001
107.341
105.68
104.019
102.359
100.698
99.0374
97.3768
95.7162
94.0558
92.395
90.7343
89.0737
87.4134
85.7526
84.092
82.4314
80.7709
79.1099
77.4495
75.7888
74.1288
72.4678
70.807
69.1464
67.4858
65.8249
64.1644
62.5039
60.8434
69.9274
68.6695
74.5236
80.1359
79.0687
83.0832
84.2098
85.3369
86.4637
87.5905
88.7177
89.8446
90.9714
92.0984
93.2254
94.3523
95.4791
96.6065
97.7331
98.8598
99.987
101.114
102.241
103.368
104.495
105.621
106.748
107.875
109.002
110.129
111.256
112.383
113.51
114.637
115.764
116.891
118.018
119.145
120.271
121.399
122.526
123.652
124.779
125.906
127.033
128.16
129.287
130.414
131.54
132.667
133.794
134.921
136.048
137.175
138.302
139.429
140.556
141.683
142.81
143.937
145.064
146.19
147.318
148.445
149.571
150.698
151.825
152.952
154.079
155.206
156.333
157.46
158.587
159.714
160.84
161.967
163.094
164.221
165.348
166.476
167.602
168.729
169.856
170.983
172.11
173.237
174.364
175.491
176.618
177.745
178.871
179.998
181.126
182.252
183.379
184.506
185.633
186.76
187.886
189.014
190.141
191.268
192.394
193.522
194.648
195.776
196.903
198.029
199.156
200.283
201.409
202.536
203.664
204.791
205.917
207.044
208.171
209.298
210.425
211.552
212.679
213.806
214.933
216.06
217.186
218.314
215.641
216.626
215.095
213.649
214.567
213.687
213.828
213.968
214.11
214.251
214.393
214.533
214.674
214.816
214.956
215.098
215.238
215.38
215.521
215.662
215.803
215.944
216.086
216.226
216.367
216.509
216.65
216.791
216.932
217.073
217.214
217.355
217.496
217.637
217.778
217.919
218.061
218.201
218.343
218.484
218.625
218.766
218.907
219.048
219.189
219.33
219.471
219.612
219.753
219.895
220.036
220.176
220.318
220.46
220.6
220.742
220.882
221.023
221.164
221.305
221.447
221.588
221.729
221.87
222.011
222.153
222.293
222.435
222.575
222.716
222.858
222.999
223.14
223.281
223.422
223.563
223.704
223.846
223.986
224.128
224.269
224.41
224.551
224.692
224.833
224.974
225.115
225.256
225.397
225.538
225.679
225.82
225.962
226.103
226.244
226.385
226.527
226.667
226.808
226.95
227.09
227.232
227.373
227.514
227.654
227.797
227.937
228.078
228.22
228.36
228.501
228.642
228.784
228.925
229.066
229.207
229.348
229.489
229.63
229.772
229.913
230.054
230.195
230.336
230.477
230.617
230.759
230.9
231.041
231.182
231.323
231.465
231.606
231.747
231.888
232.028
232.17
232.311
232.452
232.593
232.734
232.876
233.017
233.158
233.299
233.44
233.582
233.722
233.864
234.005
234.145
234.287
234.428
234.569
234.71
234.851
234.992
235.133
235.274
235.415
235.556
235.698
235.839
238.526
238.762
240.684
242.549
242.83
244.316
245.118
245.919
246.72
247.522
248.324
249.126
249.927
250.729
251.531
252.332
253.133
253.935
254.737
255.538
256.34
257.142
257.943
258.745
259.547
260.349
261.15
261.951
262.753
263.555
264.356
265.157
265.959
266.761
267.564
268.364
269.166
269.968
270.769
271.57
272.372
273.174
273.975
274.777
275.579
276.381
277.182
277.984
278.785
279.587
280.388
281.189
281.992
282.793
283.596
284.397
285.198
286.0
286.8
287.603
288.404
289.206
290.007
290.809
291.611
292.413
293.213
294.016
294.817
295.619
296.421
297.222
298.024
298.826
299.627
300.43
301.23
302.032
302.834
303.635
304.437
305.238
306.04
306.842
307.643
308.445
309.246
310.048
310.85
311.651
312.453
313.255
314.056
314.858
315.659
316.461
317.263
318.064
318.866
319.667
320.468
321.27
322.071
322.874
323.676
324.477
325.279
326.08
326.881
327.684
328.485
329.286
330.087
330.89
331.692
332.493
333.294
334.096
334.897
335.7
336.501
330.94
331.504
327.856
324.35
324.801
322.241
321.392
320.544
319.695
318.845
317.997
317.147
316.299
315.449
314.601
313.752
312.902
312.054
311.204
310.356
309.507
308.657
307.808
306.959
306.11
305.262
304.412
303.564
302.714
301.865
301.017
300.167
299.318
298.469
297.62
296.771
295.922
295.074
294.224
293.376
292.526
291.678
290.828
289.979
289.13
288.281
287.433
286.583
285.734
284.885
284.036
283.187
282.339
273.152
271.99
265.309
258.816
257.506
252.254
249.241
246.229
243.217
240.205
237.193
234.18
231.169
228.156
225.144
222.132
219.12
216.108
213.095
210.083
207.071
204.059
201.047
198.035
195.022
192.01
188.998
185.985
182.974
179.961
176.949
173.937
170.924
167.913
164.901
161.889
158.876
155.863
152.852
149.84
146.828
143.815
140.803
137.79
134.778
131.766
128.754
125.742
122.73
119.717
116.706
113.693
110.681
107.669
104.657
101.645
98.6323
95.6201
92.6078
89.5959
86.5836
83.5712
80.5592
77.547
74.535
71.5227
68.5106
65.4981
62.4863
59.4741
56.4619
53.4496
50.4375
47.4253
44.4132
41.4011
38.389
35.3766
32.3643
29.3523
26.34
42.5188
40.2258
50.6357
60.6128
58.6606
65.7846
67.7511
69.7175
71.6843
73.6508
75.6173
77.5838
79.5503
81.5173
83.4834
85.4499
87.4166
89.3833
91.3498
93.3166
95.2828
97.2494
99.2158
101.183
103.149
105.116
107.082
109.049
111.015
112.982
114.179
116.117
117.546
118.992
120.916
122.476
124.243
126.01
127.777
129.544
131.311
133.079
134.845
136.612
138.38
140.146
141.913
143.68
145.447
147.214
148.982
150.749
152.516
154.282
156.05
157.817
159.584
161.351
163.118
164.885
166.652
168.419
170.186
171.953
173.72
175.487
177.254
179.021
180.788
182.555
184.322
186.089
187.856
189.623
191.39
193.157
194.924
196.691
198.458
200.226
201.992
203.76
205.526
207.293
209.061
210.828
212.594
214.362
216.128
217.896
219.663
221.43
223.197
224.963
226.731
228.498
230.265
232.032
233.799
235.566
237.333
239.101
240.867
227.818
229.029
220.434
212.172
213.121
207.062
204.986
202.909
200.832
198.755
196.679
194.602
192.525
190.448
188.372
186.294
184.218
182.141
180.064
177.988
175.911
173.833
171.757
169.68
167.603
165.527
163.45
161.373
159.296
157.219
155.142
153.066
150.989
148.912
146.835
144.758
142.681
140.605
138.528
136.451
134.374
132.298
130.221
128.144
126.067
123.99
121.913
119.837
117.759
115.683
113.606
111.53
109.453
107.376
105.299
103.222
101.146
99.0685
96.9914
94.9148
92.8382
90.7613
88.6846
86.6075
84.5308
90.8471
89.0848
92.8784
96.4827
94.8695
97.2256
97.3261
97.4269
97.5277
97.6283
97.7292
97.8296
97.9303
98.0311
98.1316
98.2322
98.3328
98.4337
98.5342
98.6347
98.7356
98.8364
98.9365
99.0376
99.138
99.2388
99.3397
99.4402
99.541
99.6413
99.7421
99.8425
99.9433
100.044
100.145
100.246
100.346
100.447
100.547
100.648
100.749
100.85
100.95
101.051
101.152
101.252
101.353
101.453
101.554
101.655
101.756
101.856
101.957
102.057
102.158
102.259
102.359
102.46
102.561
102.662
102.762
102.863
102.964
103.064
103.165
103.266
103.366
103.467
103.567
103.668
103.769
103.869
103.97
104.071
104.171
104.272
104.373
104.474
104.574
104.675
104.776
104.876
104.977
105.077
105.178
105.279
105.38
105.48
105.581
105.681
105.782
105.883
105.983
106.084
106.185
106.285
106.386
106.487
106.588
106.688
106.789
106.89
106.99
107.091
107.191
107.292
107.393
107.493
107.594
107.695
107.795
107.896
107.997
108.097
108.198
108.299
108.4
108.5
108.601
108.701
108.802
108.903
109.004
109.104
109.205
109.305
109.406
109.506
109.608
109.708
109.809
109.91
110.01
110.111
110.211
110.312
110.413
110.513
110.614
110.715
110.815
110.916
111.017
111.117
111.218
111.319
111.419
111.52
111.621
107.767
107.719
105.054
102.478
102.36
100.372
99.4467
98.5216
97.596
96.6707
95.7451
94.8199
93.8944
92.9693
92.0442
91.1188
90.1934
89.2678
88.3427
87.4176
86.4919
85.5667
84.6414
83.7161
82.7909
81.8655
80.9404
80.0147
79.0894
78.1643
77.239
76.3138
75.3882
74.4632
73.5376
72.6123
71.6872
70.7616
69.8361
68.9111
67.9854
67.0604
66.135
65.2096
64.2844
63.3592
62.434
61.5084
60.5831
59.6578
58.7326
57.8071
56.8818
55.9563
55.0313
54.1057
53.1805
52.2553
51.3299
50.4045
49.4793
48.5539
47.6284
46.7032
45.7779
44.8528
43.9273
57.1136
56.7171
65.6614
74.2878
74.1418
80.6698
83.4054
86.1411
88.8769
91.6126
94.3486
97.0841
99.8196
102.555
105.291
108.027
110.762
113.498
116.234
118.97
121.705
124.441
127.177
129.912
132.648
135.384
138.119
140.855
143.591
146.326
149.062
151.798
154.533
157.269
160.005
162.741
165.476
168.212
170.947
173.683
176.419
179.155
181.891
184.626
187.362
190.098
192.833
195.569
198.305
201.041
203.776
206.512
209.248
199.348
201.61
195.508
189.692
191.729
187.791
187.248
186.705
186.164
185.62
185.078
184.536
183.993
183.452
182.909
182.365
181.824
181.281
180.738
180.196
179.654
179.112
178.569
178.027
177.484
176.941
176.399
175.857
175.314
174.772
174.23
173.687
173.144
172.602
172.059
171.517
170.975
170.432
169.889
169.347
168.805
168.262
167.72
167.177
166.635
166.092
165.55
165.008
164.465
163.923
163.38
162.838
162.295
161.753
161.21
160.668
160.125
159.583
159.041
158.498
157.956
157.413
156.871
156.328
155.786
155.243
154.701
154.158
153.616
153.073
152.531
151.988
151.446
150.904
150.361
149.819
149.276
148.734
148.191
147.649
147.106
146.564
146.022
145.479
144.937
144.394
143.851
143.31
142.767
142.225
141.682
141.14
140.597
140.055
139.512
138.97
138.427
137.885
137.342
136.8
136.257
135.715
135.173
134.63
134.088
133.545
133.003
132.46
131.918
131.375
130.833
130.29
129.748
129.205
128.663
128.12
127.578
127.036
126.494
125.951
125.408
124.866
124.323
123.781
123.238
122.696
122.154
121.611
121.069
120.526
119.984
119.441
118.899
118.356
117.814
117.271
116.729
116.187
115.644
115.102
114.559
114.017
113.474
112.932
112.389
111.847
111.305
110.762
110.22
109.677
109.135
108.592
108.05
111.39
110.993
113.165
115.251
114.923
116.431
116.896
117.361
117.825
118.29
118.755
119.22
119.684
120.149
120.614
121.079
121.544
122.008
122.473
122.937
123.402
123.867
124.332
124.797
125.261
125.726
126.191
126.656
127.121
127.585
128.05
128.515
128.979
129.444
129.909
130.374
130.839
131.303
131.768
132.233
132.698
133.162
133.628
134.092
134.557
135.021
135.487
135.951
136.416
136.881
137.345
137.81
138.275
138.74
139.204
139.669
140.134
140.599
141.064
141.528
141.993
142.458
142.922
143.387
143.852
144.317
144.781
145.247
145.711
146.176
146.641
147.106
147.57
148.035
148.5
148.965
149.429
149.894
150.359
150.824
151.288
151.754
152.218
152.682
153.147
153.612
154.077
154.542
155.006
155.471
155.936
156.401
156.866
157.331
157.795
158.26
158.725
159.19
159.654
160.118
160.583
161.048
161.513
161.978
162.443
162.907
163.372
163.837
164.302
164.766
165.231
165.696
166.161
166.625
167.09
167.555
168.02
168.485
168.949
169.414
169.879
170.344
170.808
171.273
171.738
172.203
172.667
173.132
173.597
174.062
174.527
174.991
175.456
175.921
176.385
176.85
177.315
177.78
178.245
178.709
179.174
179.639
176.902
177.247
175.472
173.771
174.058
172.832
172.466
172.1
171.735
171.368
171.003
170.637
170.271
169.906
169.54
169.173
168.808
168.442
168.076
167.71
167.344
166.978
166.613
166.247
165.881
165.516
165.149
164.783
164.418
164.052
163.686
163.32
162.954
162.589
162.223
161.857
161.491
161.125
160.759
160.394
160.028
159.662
159.296
158.93
158.564
158.198
157.833
157.467
157.101
156.735
156.369
156.004
155.638
155.272
154.906
154.54
154.174
153.809
153.443
153.077
152.711
152.346
151.979
151.614
151.248
150.882
150.516
150.15
149.785
149.419
149.053
148.687
148.321
147.956
147.59
147.224
146.857
146.492
146.126
145.76
145.395
145.029
144.663
144.297
143.931
143.565
143.199
142.834
142.468
142.102
141.736
141.37
141.004
140.638
140.273
139.907
139.541
139.176
138.809
138.443
138.078
137.712
137.346
136.98
136.615
136.249
135.883
135.517
135.151
134.785
134.419
134.054
133.688
133.322
132.956
132.59
132.224
131.858
131.493
131.127
130.761
130.396
130.029
129.664
129.298
128.932
128.566
128.2
127.835
127.469
127.103
126.736
126.371
126.005
125.64
125.273
124.908
124.542
124.176
123.811
123.444
123.078
122.712
122.347
121.981
121.615
121.249
120.883
120.518
120.152
119.786
119.42
119.054
118.688
118.323
117.957
117.591
117.225
116.859
116.493
116.128
115.762
115.396
115.031
118.789
118.578
121.097
123.522
123.384
125.197
125.901
126.605
127.309
128.014
128.718
129.422
130.126
130.83
131.534
132.239
132.943
133.647
134.351
135.055
135.76
136.464
137.168
137.872
138.576
139.28
139.985
140.689
141.393
142.097
142.801
143.506
144.21
144.914
145.618
146.323
147.027
147.731
148.435
149.139
149.843
150.547
151.251
151.956
152.66
153.364
154.068
154.773
155.477
156.181
156.885
157.59
158.293
158.998
159.702
160.406
161.11
161.815
162.519
163.223
163.927
164.631
165.335
166.039
166.744
167.448
168.152
168.856
169.56
170.265
170.969
171.318
172.01
172.466
172.93
173.614
174.132
174.744
175.355
175.969
176.58
177.193
177.805
178.417
179.029
179.641
180.253
180.866
181.478
182.09
182.703
183.315
183.927
184.539
185.151
185.763
186.376
186.988
187.6
188.213
188.824
189.437
190.049
190.661
191.274
191.885
192.498
193.11
193.722
194.334
194.947
195.559
196.172
196.783
197.395
198.007
198.62
199.233
199.845
200.456
198.901
199.433
198.529
197.674
198.167
197.635
197.685
197.734
197.786
197.835
197.884
197.935
197.985
198.035
198.085
198.134
198.185
198.235
198.285
198.335
198.385
198.435
198.485
198.535
198.585
198.635
198.684
198.734
198.785
198.835
198.884
198.935
198.985
199.035
199.085
199.135
199.184
199.235
199.285
199.335
199.385
199.435
199.485
199.535
199.585
199.634
199.685
199.734
199.785
199.835
199.884
199.935
199.985
200.035
200.085
200.135
200.185
200.234
200.284
200.335
200.385
200.435
200.484
200.534
200.584
200.634
200.684
200.735
200.785
200.834
200.885
200.934
200.985
201.035
201.084
201.134
201.184
201.234
201.285
201.334
201.385
201.434
201.485
201.535
201.585
201.635
201.685
201.734
201.785
201.835
201.884
201.935
201.985
202.035
202.085
202.134
202.185
202.235
202.285
202.335
202.385
202.435
202.485
202.535
202.585
202.635
202.685
202.735
202.784
202.834
202.885
202.935
202.984
203.035
203.084
203.135
203.185
203.234
203.285
203.334
203.384
203.435
203.484
203.535
203.585
203.635
203.684
203.734
203.784
203.835
203.884
203.934
203.985
204.035
204.085
204.134
204.184
204.235
204.285
204.334
204.385
204.434
204.485
204.534
204.584
204.634
204.684
204.735
204.784
204.834
204.884
204.935
204.984
205.035
205.084
205.134
205.184
205.234
205.284
205.334
203.739
203.727
202.627
201.564
201.523
200.704
200.327
199.95
199.574
199.197
198.819
198.443
198.067
197.69
197.313
196.936
196.559
196.182
195.805
195.429
195.052
194.675
194.299
193.921
193.545
193.168
192.792
192.415
192.038
191.661
191.284
190.908
190.531
190.153
189.777
189.4
189.023
188.647
188.27
187.893
187.516
187.139
186.763
186.386
186.009
185.632
185.255
184.878
184.502
184.124
183.748
183.372
182.995
182.618
182.241
181.864
181.488
181.111
180.734
180.358
179.98
179.603
179.227
178.85
178.473
178.097
177.72
177.342
176.966
176.589
176.212
175.835
175.459
175.082
174.705
174.329
173.952
173.575
173.198
172.821
172.444
172.068
171.691
171.314
170.937
170.561
170.184
169.807
169.43
169.053
168.677
168.299
167.923
167.546
167.17
166.792
166.416
166.039
165.662
165.285
164.908
164.532
164.155
163.778
163.402
163.025
162.648
162.271
161.894
161.518
161.141
160.764
160.387
160.01
159.633
159.257
158.88
158.503
158.126
157.75
157.373
156.996
156.619
156.242
155.865
155.489
155.112
154.735
154.359
153.982
153.605
153.228
152.852
152.475
152.098
151.72
151.344
150.967
149.022
148.586
147.113
145.674
145.21
144.005
143.221
142.438
141.654
140.871
140.086
139.303
138.519
137.735
136.952
136.168
135.384
134.6
133.816
133.033
132.249
131.465
130.682
129.898
129.114
128.33
127.546
126.763
125.979
125.195
124.412
123.628
122.844
122.061
121.277
120.493
119.709
120.75
120.035
120.527
120.979
120.296
120.476
120.166
119.855
119.545
119.235
118.924
118.614
118.303
117.993
117.683
117.373
117.062
116.752
116.442
116.131
115.821
115.511
115.2
114.89
114.58
114.269
113.959
113.649
113.339
113.028
112.718
112.407
112.097
111.787
111.476
111.166
110.856
110.545
110.235
109.925
109.615
109.304
108.994
108.683
108.373
108.063
107.753
107.442
107.132
106.821
106.511
106.201
105.891
105.58
105.27
104.96
104.649
104.339
104.029
103.718
103.408
103.098
102.787
102.477
102.167
101.856
101.546
101.236
100.925
100.615
100.305
99.9944
99.6839
99.3736
99.0635
98.7533
98.4427
98.1325
97.8222
97.5118
97.2017
96.891
96.5808
96.2707
95.9601
95.6499
95.3393
95.0292
94.7189
94.4086
94.0983
93.7875
93.4776
93.1673
92.8567
92.5464
92.236
91.9256
91.6153
91.3051
90.9948
90.6845
90.3741
90.064
89.7535
89.4432
89.1329
88.8228
88.5123
88.2021
87.8916
87.5812
87.2709
86.9606
86.6505
86.3399
86.7367
86.4531
86.6374
86.8055
86.5345
86.5976
86.4709
86.3439
86.217
86.09
85.9634
85.8366
85.7098
85.5828
85.456
85.3288
85.2022
85.0754
84.9485
84.8216
84.6948
84.5677
84.4412
84.3139
84.1874
84.0605
83.9335
83.8066
83.6799
83.5531
83.426
83.2994
83.1723
83.0456
82.9185
82.7917
82.6648
82.5381
82.4112
82.2843
82.1575
82.0309
81.9038
81.7767
81.6501
81.5231
81.3962
81.2695
81.1426
81.0157
80.8887
80.762
80.6351
80.5082
80.3813
80.2547
80.1275
80.0008
79.8743
79.7473
79.6203
79.4935
79.3666
79.2398
79.1129
78.9859
78.8593
78.7323
78.6055
78.4785
78.3518
78.2249
78.0981
77.9711
77.8444
77.7175
77.5904
77.4637
77.3367
77.21
77.0829
76.9563
76.8294
76.7025
76.5757
76.4488
76.3219
76.1951
76.0683
75.9412
75.8145
75.6878
75.5607
75.4338
75.3073
75.1801
75.0534
74.9265
74.7997
74.6729
74.5459
74.419
74.2922
74.1653
74.0385
73.9117
73.7849
73.6581
73.5309
73.4042
73.2774
73.1507
73.0235
72.897
72.7701
72.6431
72.5162
72.3894
72.2626
72.1356
72.0088
71.8818
71.7551
71.6281
71.5015
71.3745
71.2478
71.1209
70.9939
70.8671
70.7403
70.6133
70.4867
70.3596
75.92
76.0064
79.8571
83.5799
83.767
86.6441
87.9926
89.3412
90.6897
92.0386
93.387
94.7356
96.0845
97.4329
98.7818
100.13
101.479
102.827
104.176
105.524
106.873
108.222
109.57
110.919
112.268
113.616
114.965
116.313
117.662
119.011
120.359
121.708
123.056
124.405
125.754
127.102
128.451
129.799
131.148
132.497
133.845
135.194
136.543
137.891
139.24
140.588
141.937
143.286
144.634
145.983
147.332
148.68
150.029
151.377
152.726
154.074
155.423
156.772
158.12
159.469
160.818
162.166
163.515
164.863
166.212
167.561
168.91
170.258
171.606
172.955
174.304
175.652
177.001
178.349
179.698
181.047
182.395
183.744
185.093
186.441
187.79
189.138
190.487
191.836
193.184
194.533
195.881
197.23
198.579
199.927
201.276
202.625
203.973
205.322
206.67
208.019
209.368
210.716
212.064
213.414
214.762
216.111
217.459
218.807
220.157
221.505
222.854
224.203
225.551
226.9
228.248
229.597
230.945
232.294
233.642
234.991
236.339
237.689
239.037
240.386
241.734
243.083
244.431
245.78
247.129
248.477
249.826
251.174
252.523
253.872
255.221
256.569
257.917
259.266
260.615
261.964
263.313
264.661
266.01
267.358
268.706
270.056
271.403
272.753
274.101
275.45
276.799
278.147
279.495
280.844
282.193
283.542
276.643
277.683
273.263
269.03
269.922
266.915
266.124
265.333
264.543
263.75
262.959
262.17
261.379
260.587
259.796
259.005
258.214
257.424
256.632
255.841
255.05
254.258
253.468
252.677
251.886
251.095
250.304
249.513
248.722
247.931
247.14
246.348
245.558
244.767
243.976
243.185
242.394
241.602
240.811
240.02
239.23
238.439
237.648
236.857
236.066
235.275
234.483
233.693
232.902
232.111
231.32
230.529
229.738
228.947
228.155
227.364
226.573
225.782
224.992
224.201
223.409
222.618
221.828
221.037
220.246
219.454
218.663
217.872
217.082
216.29
215.499
214.709
213.918
213.126
212.336
211.545
210.754
209.963
209.172
208.381
207.59
206.799
206.008
205.216
204.426
203.635
202.843
202.052
201.261
200.471
199.679
198.888
198.098
197.307
196.515
195.725
194.933
194.143
193.352
192.561
191.769
190.979
190.188
189.396
188.606
187.815
187.024
186.232
185.442
184.65
183.86
183.069
182.278
181.486
180.696
179.905
179.114
178.322
177.532
176.74
175.95
175.159
174.368
173.576
172.785
171.994
171.203
170.413
169.621
168.831
168.04
167.248
166.457
165.667
167.007
166.296
166.995
167.647
166.974
167.308
167.07
166.832
166.594
166.356
166.118
165.88
165.642
165.404
165.166
164.928
164.689
164.451
164.213
163.976
163.737
163.499
163.261
163.023
162.784
162.546
162.309
162.071
161.832
161.594
161.356
161.118
160.88
160.642
160.404
160.166
159.928
159.69
159.452
159.214
158.975
158.738
163.028
162.96
165.889
168.717
168.728
170.882
171.82
172.756
173.694
174.63
175.567
176.504
177.441
178.378
179.315
180.251
181.189
182.125
183.062
183.999
184.936
185.873
186.81
187.746
188.684
189.62
190.557
191.494
192.431
193.368
194.305
195.242
196.179
197.115
198.053
198.99
199.927
200.864
201.8
202.737
203.674
204.61
205.547
206.485
207.421
208.358
209.295
210.231
211.169
212.105
213.043
213.979
214.916
215.854
216.79
217.728
218.664
219.601
220.537
221.474
222.412
223.348
224.285
225.222
226.159
227.096
228.033
228.969
229.907
230.843
231.78
232.717
233.654
234.591
235.528
236.465
237.402
238.338
239.276
240.212
241.149
242.086
243.023
243.96
244.897
245.834
246.771
247.707
248.645
249.581
250.518
251.455
252.392
253.329
254.265
255.202
256.14
257.076
258.013
258.95
259.886
260.824
261.761
262.698
263.635
264.571
265.509
266.445
267.383
268.319
269.256
265.956
266.735
264.709
262.778
263.481
262.181
262.018
261.856
261.694
261.532
261.37
261.207
261.046
260.883
260.722
260.559
260.397
260.234
260.072
259.911
259.748
259.586
259.423
259.262
259.1
258.938
258.775
258.614
258.451
258.289
258.126
257.964
257.802
257.641
257.478
