255.272
254.339
253.405
252.471
251.538
250.605
249.672
248.739
247.805
246.872
245.939
245.005
244.072
243.139
242.206
241.272
240.34
239.406
238.472
237.539
236.606
235.673
234.739
233.807
232.873
231.939
231.006
230.073
229.139
228.206
227.273
226.34
225.406
224.473
223.54
222.607
221.673
220.74
219.807
218.873
217.941
217.008
216.074
215.14
214.207
213.274
212.34
211.407
210.474
209.541
208.608
207.675
206.741
205.808
204.874
203.941
203.007
202.075
201.141
200.208
199.275
198.341
197.408
196.475
195.542
194.609
193.675
192.742
191.808
190.875
190.442
189.528
188.946
188.352
187.446
186.778
185.975
185.172
184.368
183.565
182.762
181.959
181.156
180.352
179.549
178.745
177.942
177.139
176.336
175.532
174.729
173.926
173.122
172.319
171.517
170.713
169.91
169.107
168.304
167.5
166.697
165.894
165.09
164.287
163.484
162.681
161.877
161.074
160.271
159.468
158.665
157.861
157.058
156.255
155.452
154.649
153.845
153.042
152.239
151.435
150.632
149.829
149.026
148.222
147.419
146.616
145.813
145.01
144.206
143.403
142.6
154.246
153.909
161.813
169.436
169.32
175.093
177.52
179.945
182.372
184.799
187.225
189.652
192.079
194.505
196.931
199.359
201.784
204.211
206.638
209.064
211.491
213.918
216.344
218.77
221.197
223.623
226.05
228.476
230.903
233.33
235.756
238.183
240.609
243.036
245.462
247.89
250.316
252.742
255.168
257.595
260.021
262.448
264.874
267.302
269.728
272.155
274.581
277.008
279.434
281.861
284.287
286.714
289.14
291.566
293.993
296.419
298.846
301.273
303.699
306.125
308.553
310.979
313.405
315.832
318.259
320.686
323.111
325.538
327.964
330.391
332.817
335.245
337.671
340.097
342.524
331.337
333.253
326.159
319.371
321.045
316.282
315.177
314.071
312.966
311.862
310.755
309.65
308.546
307.44
306.335
305.23
304.125
303.019
301.914
300.81
299.704
298.599
297.494
296.388
295.283
294.178
293.072
291.968
290.863
289.758
288.652
287.547
286.442
285.338
284.23
283.126
282.021
280.916
279.811
278.705
277.6
276.495
275.389
274.284
273.179
272.074
270.968
269.864
268.759
267.653
266.548
265.443
264.337
263.232
262.127
261.023
259.916
258.811
257.706
256.601
255.496
254.391
253.285
252.18
251.075
249.97
248.865
247.76
246.654
245.549
244.444
243.339
242.234
241.129
240.023
238.918
239.093
238.035
237.824
237.586
236.551
236.122
235.347
234.575
233.801
233.028
232.255
231.481
230.708
229.935
229.162
228.388
227.615
226.842
226.068
225.295
224.523
223.749
222.975
222.201
221.429
220.655
219.882
219.109
218.335
217.562
216.789
216.016
215.242
214.469
213.696
212.922
212.149
211.375
210.603
209.829
209.056
208.282
207.509
206.736
205.963
205.189
204.416
203.644
202.869
202.096
201.323
200.549
199.776
199.003
198.229
197.457
196.683
195.91
195.137
194.364
193.59
192.816
192.043
191.27
190.497
189.723
188.95
188.177
187.404
186.631
185.858
185.084
184.311
183.537
182.764
184.421
183.738
184.665
185.537
184.897
185.407
185.265
185.122
184.978
184.836
184.693
184.55
184.408
184.265
184.122
183.979
183.836
183.693
183.55
183.408
183.265
183.122
182.979
182.836
182.694
182.55
182.407
182.264
182.122
181.979
181.837
181.693
181.551
181.407
181.265
181.122
180.979
180.836
180.693
180.551
180.408
180.265
180.121
179.979
179.836
179.693
179.55
179.408
179.265
179.122
178.979
178.837
178.693
178.551
178.408
178.265
189.904
190.202
198.299
206.131
206.638
212.719
215.632
218.545
221.459
224.373
227.286
230.2
233.114
236.027
238.941
241.855
244.769
247.682
250.596
253.509
256.422
259.337
262.25
265.164
268.078
270.991
273.905
276.819
279.732
282.646
285.56
288.473
291.387
294.301
297.214
300.128
303.041
305.954
308.868
311.782
314.695
317.61
320.524
323.437
326.351
329.264
332.177
335.091
338.005
340.918
343.832
346.746
349.66
352.573
355.487
358.399
361.314
364.227
353.124
355.512
348.623
342.05
344.19
339.7
338.977
338.254
337.531
336.809
336.086
335.363
334.641
333.918
333.195
332.472
331.749
331.028
330.304
329.582
328.858
328.135
327.414
326.691
325.968
325.245
324.522
323.8
323.076
322.354
321.632
320.909
320.186
319.465
318.74
318.018
317.295
316.573
315.85
315.127
314.403
313.681
312.958
312.235
311.513
310.79
310.069
309.345
308.622
307.9
307.177
306.454
305.731
305.009
304.285
303.563
302.841
302.117
301.395
300.672
299.95
299.226
298.504
297.781
297.059
296.336
295.613
294.89
294.168
293.444
292.722
291.999
291.276
290.554
289.83
289.108
288.385
287.663
286.94
286.218
285.494
284.772
284.049
283.327
282.604
281.881
281.159
280.435
279.712
278.99
278.268
277.545
276.822
276.099
275.376
274.655
273.931
273.207
272.485
271.763
271.04
269.035
268.264
266.644
265.053
264.259
262.859
261.804
260.748
259.693
258.638
257.581
256.526
255.471
254.416
253.36
252.305
251.248
250.193
249.138
248.082
247.027
245.971
244.916
243.861
242.805
241.749
240.694
239.637
238.583
237.527
236.472
235.416
234.361
233.305
232.25
231.195
230.139
229.083
228.028
226.972
225.916
224.861
223.806
222.75
221.695
220.639
219.584
218.528
217.473
216.417
215.361
214.306
213.251
212.196
211.14
210.084
209.029
207.973
206.918
205.862
204.807
203.752
202.696
201.641
200.585
199.529
198.474
197.419
196.363
195.307
194.252
193.196
188.792
187.611
184.212
180.89
179.649
176.825
174.902
172.976
171.051
169.128
167.203
165.278
163.354
161.429
159.505
157.58
155.657
153.732
151.807
149.883
147.958
146.034
144.11
142.185
140.261
138.337
136.412
134.488
132.563
130.639
128.714
126.79
124.865
122.941
121.017
119.092
117.168
115.243
113.319
111.395
109.47
107.546
105.621
103.697
101.772
99.848
97.9235
95.9993
94.0745
92.1502
90.2257
88.3014
86.3771
90.0806
88.3673
90.3791
92.2644
90.6508
91.6992
91.2348
90.7708
90.3063
89.8423
89.3778
88.9137
88.4494
87.9853
87.5209
87.0567
86.5923
86.1282
85.6638
85.1999
84.7355
84.2711
83.8068
83.3425
82.8782
82.4138
81.9498
81.4854
106.77
107.271
124.815
141.78
142.737
155.873
162.089
168.305
174.52
180.737
186.953
193.168
199.384
205.6
211.816
218.031
224.248
230.464
236.68
242.895
249.111
255.327
261.543
267.759
273.974
280.191
286.406
292.622
298.839
305.054
311.27
317.486
323.701
329.917
336.134
342.35
348.566
330.01
335.297
324.188
313.638
318.487
311.619
311.408
311.198
310.987
310.776
310.567
310.356
310.145
309.935
309.724
309.514
309.304
309.093
308.882
308.673
308.461
308.25
308.041
307.83
307.619
307.409
307.199
306.988
306.777
306.567
306.356
306.146
305.935
305.725
305.514
305.303
305.093
304.882
304.673
304.461
304.25
304.041
303.83
303.619
303.409
303.198
302.987
302.777
302.567
302.356
302.145
301.936
301.725
301.514
301.304
301.093
300.883
300.672
300.462
300.251
300.041
299.831
299.62
299.41
299.198
298.988
298.778
298.566
298.356
298.146
297.936
297.725
297.515
297.303
297.094
296.883
296.673
296.463
296.251
296.042
295.83
295.62
295.409
295.199
294.99
294.778
294.567
294.357
294.146
293.935
293.725
293.515
293.305
293.094
292.884
290.932
290.657
289.228
287.839
287.533
286.402
285.741
285.079
284.416
283.754
283.091
282.43
281.769
281.106
280.444
279.782
279.118
278.458
277.796
277.133
276.471
275.809
275.147
274.484
273.823
273.16
272.498
271.835
271.173
270.512
269.849
269.187
268.525
267.862
267.2
266.539
265.877
265.215
264.553
263.89
263.229
262.566
261.904
261.242
260.58
259.918
259.255
258.594
257.932
257.269
256.607
255.945
255.283
254.62
253.958
253.296
252.635
251.972
251.31
250.648
249.986
249.324
248.662
247.999
247.338
246.676
246.014
245.351
244.689
244.027
243.365
242.702
242.04
241.378
237.513
236.731
233.829
230.998
230.159
227.806
226.313
224.819
223.327
221.833
220.34
218.847
217.354
215.861
214.368
212.875
211.382
209.889
208.396
206.902
205.409
203.917
202.424
200.93
199.437
197.945
196.451
194.959
193.465
191.972
190.479
188.986
187.493
186.0
184.507
183.013
181.521
180.027
178.535
177.042
175.548
174.055
172.562
171.068
169.576
168.083
166.589
165.096
163.604
162.111
160.618
159.125
157.631
156.138
154.645
153.152
151.659
150.166
148.673
147.18
145.687
144.194
142.701
141.207
139.715
138.221
136.728
135.235
133.742
132.249
130.756
129.263
127.77
132.803
131.554
134.625
137.549
136.417
138.371
138.571
138.771
138.971
139.171
139.371
139.571
139.771
139.971
140.171
140.371
140.57
140.771
140.971
141.171
141.37
141.57
141.771
141.971
142.171
142.371
142.57
142.771
142.971
143.171
143.371
143.571
143.77
143.97
144.17
144.371
144.57
144.77
144.97
145.171
149.271
149.618
152.546
155.387
155.802
158.063
159.274
160.487
161.699
162.911
164.123
165.335
166.547
167.759
168.971
170.183
171.395
172.607
173.819
175.031
176.243
177.455
178.667
179.88
181.091
182.303
183.516
184.727
185.94
187.151
188.364
189.576
190.787
192.0
193.212
194.424
195.636
196.848
198.06
199.273
200.484
201.696
202.908
204.12
205.333
206.544
207.757
208.969
210.181
211.393
212.605
213.817
215.029
216.241
217.454
218.665
219.877
221.089
222.301
223.514
224.725
225.938
227.15
228.362
229.574
230.785
231.999
233.21
234.422
235.634
236.847
238.058
239.27
240.482
241.694
242.907
244.118
245.331
246.543
247.754
248.966
250.178
251.391
252.603
253.815
255.027
256.239
257.451
258.664
259.875
261.088
262.299
263.511
264.724
265.936
267.148
268.36
269.571
270.783
271.996
273.208
274.42
275.632
276.845
278.056
279.268
280.48
281.693
282.906
284.116
285.328
286.541
287.752
288.964
290.177
291.389
292.601
293.812
295.025
296.238
297.449
298.662
299.873
301.085
302.297
303.509
304.721
305.933
307.145
308.358
309.569
310.782
308.35
309.425
308.088
306.834
307.844
307.132
307.398
307.666
307.932
308.2
308.465
308.732
308.999
309.265
309.533
309.798
310.065
310.332
310.599
310.866
311.132
311.398
311.665
311.931
312.198
312.465
312.732
312.999
313.265
313.532
313.799
314.065
314.331
314.599
314.865
315.131
315.398
315.665
315.932
316.198
316.466
316.732
316.999
317.264
236.591
317.417
264.205
268.15
320.527
282.659
306.078
307.033
307.988
308.942
309.896
310.851
311.806
312.759
313.715
314.67
315.624
316.578
317.533
318.488
319.442
320.396
321.351
322.305
323.259
324.214
325.169
326.124
327.078
328.033
328.986
329.941
330.896
331.85
332.805
333.759
334.714
335.668
336.623
337.577
338.532
339.486
340.441
341.395
342.351
343.304
344.258
345.213
346.167
347.122
348.076
349.032
349.985
350.941
351.894
352.849
353.804
354.758
355.713
356.666
357.622
358.577
359.53
360.485
361.439
362.395
363.348
364.303
365.257
366.211
367.167
368.122
369.076
370.03
370.985
371.939
372.893
373.847
374.802
375.757
376.711
377.666
378.621
379.575
380.529
381.484
382.438
383.393
384.347
384.128
385.038
385.172
385.332
386.221
386.556
387.206
387.856
388.507
389.156
389.806
390.456
391.106
391.756
392.405
393.056
393.706
394.356
395.005
395.654
388.839
389.211
384.64
380.236
380.474
377.182
375.893
374.607
373.32
372.033
370.745
369.46
368.173
366.885
365.598
364.312
363.026
361.739
360.453
359.166
357.879
356.591
355.305
354.017
352.731
351.444
350.158
348.871
347.584
346.297
345.01
343.724
342.436
341.149
339.863
338.576
337.288
336.003
334.716
333.429
332.142
330.856
329.568
328.282
326.994
325.708
324.422
323.134
321.848
320.561
319.274
317.987
316.7
315.413
314.127
312.84
311.553
310.266
308.98
307.692
306.405
305.119
303.832
302.546
301.258
299.971
298.684
297.398
296.112
294.824
293.538
292.251
290.964
289.677
288.39
287.103
285.817
284.53
283.243
281.957
280.669
279.383
278.096
276.809
275.522
274.234
272.948
271.662
270.374
269.089
267.802
266.515
265.227
263.941
262.654
261.367
260.081
258.793
257.507
256.221
254.933
253.646
252.359
251.073
249.786
248.499
247.213
245.926
244.639
243.351
242.065
240.778
239.492
238.204
236.918
235.63
234.344
233.057
231.77
230.483
229.196
227.91
222.039
220.58
216.087
211.698
210.158
206.45
203.975
201.498
199.023
196.546
194.071
191.594
189.118
186.642
184.166
181.69
179.214
176.737
174.261
171.786
169.309
166.833
164.357
161.881
159.405
156.929
154.453
151.977
149.501
147.025
144.549
142.073
139.597
137.12
134.644
132.169
129.692
127.216
124.74
122.264
119.788
117.312
114.836
112.36
109.884
107.408
104.932
102.456
99.9795
97.5037
95.0277
92.5516
90.0758
87.5994
85.1233
82.647
80.1712
77.6952
75.2193
72.743
70.267
67.7912
65.315
80.006
78.1735
87.704
96.8478
95.3197
101.911
103.889
105.866
107.844
109.821
111.799
113.777
115.755
117.732
119.71
121.688
123.665
125.643
127.62
129.598
131.576
133.554
135.531
137.509
139.487
141.464
143.442
145.419
147.397
149.375
151.353
153.33
155.308
157.286
159.264
161.241
163.218
165.196
167.174
169.152
171.13
173.107
175.085
177.062
179.04
181.018
182.996
184.973
186.95
188.928
190.906
192.884
194.861
196.839
198.817
200.795
202.772
204.749
206.728
208.705
210.683
212.661
214.638
216.616
218.594
220.571
222.549
224.527
226.504
228.482
230.46
232.436
234.415
236.393
238.37
240.348
242.325
244.303
246.281
248.258
250.236
252.214
254.191
256.17
258.147
260.125
262.102
264.08
266.057
268.035
261.435
263.091
259.069
255.241
256.745
254.192
253.944
253.696
253.448
253.201
252.953
252.704
252.458
252.21
251.962
251.714
251.467
251.218
250.971
250.723
250.475
250.228
249.979
249.732
249.484
249.236
248.988
248.741
248.493
248.245
247.997
247.749
247.501
247.253
247.006
246.759
246.511
246.263
246.016
245.768
245.52
245.271
245.024
244.777
244.529
244.28
244.033
243.785
243.537
243.289
243.042
242.794
242.546
242.298
242.05
241.803
241.554
241.307
241.059
240.812
240.565
240.316
240.069
239.821
239.572
239.325
239.078
238.83
238.582
238.334
238.086
237.838
237.591
237.343
237.095
236.847
236.6
236.352
236.104
235.856
235.608
235.361
235.112
234.865
234.618
234.37
234.122
233.874
233.627
233.378
233.131
232.883
232.635
232.387
232.139
231.891
231.645
231.396
231.148
230.9
230.653
230.405
230.158
229.909
229.661
229.414
229.167
228.919
228.671
228.423
228.175
227.928
227.68
220.256
219.739
214.472
209.368
208.724
204.686
202.577
200.466
198.357
196.248
194.139
192.029
189.92
187.81
185.7
183.591
181.481
179.372
177.262
175.153
173.043
170.934
168.824
166.715
164.606
162.495
160.386
158.277
156.168
154.058
151.949
149.839
147.73
145.62
143.511
141.401
139.292
137.182
135.073
132.963
130.854
128.744
126.635
124.525
122.416
120.306
118.197
116.087
113.978
111.868
109.759
107.65
105.54
103.431
101.321
99.2119
97.1025
94.9929
92.8836
90.7742
88.6645
86.5552
84.4452
82.3358
80.2267
78.117
76.0077
73.8978
71.7882
69.6793
67.5695
65.4602
63.3509
70.1777
68.4032
72.5438
76.483
74.8673
77.4777
77.6865
77.8956
78.1045
78.3134
78.5225
78.7314
78.9402
79.1492
79.3584
79.5671
79.7762
79.9848
80.1939
80.4028
80.6119
80.8207
81.0298
81.2386
81.4476
81.6564
81.8655
82.0745
82.2833
82.4924
82.7015
82.9103
83.1195
83.3283
83.5369
83.746
83.955
84.164
84.3728
84.5816
84.7906
84.9997
85.2085
85.4177
85.6265
85.8354
86.0444
86.2535
86.4624
86.6711
86.88
87.089
87.298
87.5068
87.7158
87.9247
88.1339
88.3428
88.5518
88.7607
88.9698
89.1787
89.3876
89.5966
89.8057
90.0141
90.2234
113.767
114.851
131.38
147.383
148.881
161.415
167.678
173.941
180.203
186.466
192.729
198.992
205.255
211.518
217.78
224.043
230.306
236.569
242.832
249.094
255.357
261.62
267.883
274.145
280.409
286.672
292.934
299.197
305.46
311.723
317.986
324.249
330.511
336.774
343.036
349.299
355.563
361.824
340.624
345.858
332.912
320.584
325.332
317.088
316.226
315.363
314.501
313.639
312.776
311.914
311.051
310.189
309.326
308.464
307.602
306.739
305.878
305.015
304.154
303.292
302.429
301.566
300.703
299.841
298.979
298.116
297.254
296.392
295.53
294.667
293.806
292.943
292.08
291.219
290.356
289.493
288.631
287.769
286.907
286.043
285.181
284.319
283.456
282.594
281.732
280.87
280.007
279.145
278.283
277.421
276.558
275.696
274.833
273.971
273.109
272.246
271.384
270.522
269.66
268.797
267.935
267.072
266.21
265.348
264.485
263.622
262.761
261.898
261.036
260.174
259.311
258.449
257.586
256.724
255.862
255.0
254.139
253.275
252.412
251.55
250.688
249.825
248.964
248.101
247.239
246.377
245.514
244.652
243.79
242.927
242.064
241.203
240.34
239.477
238.615
237.753
236.89
236.028
235.165
234.303
233.441
232.579
231.717
230.854
229.992
229.13
228.267
225.795
224.873
222.884
220.933
219.981
218.269
216.99
215.708
214.428
213.149
211.869
210.589
209.309
208.029
206.749
205.47
204.19
202.909
201.629
200.35
199.07
197.79
196.51
195.23
193.951
192.67
191.39
190.11
188.831
187.55
186.271
184.991
183.711
182.43
181.15
179.871
178.591
177.311
176.031
174.751
173.471
172.191
170.911
169.631
168.351
167.071
165.791
164.512
163.231
161.952
160.672
159.392
158.112
156.832
155.553
154.272
152.992
151.713
150.432
149.152
147.873
146.592
145.312
144.033
142.753
141.473
140.193
138.913
137.633
136.353
135.073
133.793
132.513
131.233
129.954
128.468
127.18
125.757
124.338
123.046
121.658
120.325
118.991
117.658
116.325
114.991
113.658
112.325
110.991
109.659
108.325
106.992
105.659
104.325
102.992
101.659
100.325
98.992
97.6588
96.326
94.9923
93.6593
92.326
90.993
89.6593
88.3262
86.9931
85.6596
84.3264
82.9934
81.6602
80.3268
78.9936
77.6602
76.3269
74.9936
73.6602
72.3271
70.9939
69.6606
68.3273
66.9944
65.6608
64.3276
62.9942
61.6611
60.3277
58.9947
57.6614
56.3281
54.9948
53.6615
52.3283
50.995
49.6617
48.3284
46.9954
45.6621
44.3286
42.9956
41.6622
40.3289
38.9957
37.6625
36.3291
34.9959
33.6627
84.3048
84.9192
119.937
153.784
155.321
181.44
193.591
205.741
217.893
230.043
242.194
254.345
266.496
278.646
290.798
302.949
315.099
327.251
339.401
351.551
363.703
375.854
388.005
400.155
412.306
424.457
436.608
448.759
460.909
473.06
485.211
497.362
509.512
466.903
477.003
450.853
425.937
435.064
418.292
416.236
414.18
412.125
410.068
408.012
405.958
403.9
401.845
399.788
397.732
395.676
393.622
391.564
389.508
387.452
385.396
383.341
381.285
379.228
377.173
375.118
373.06
371.004
368.949
366.893
364.837
362.781
360.725
358.669
356.613
354.557
352.502
350.446
348.389
346.332
344.278
342.222
340.164
338.109
336.053
333.998
331.942
329.886
327.83
325.775
323.717
321.662
319.606
317.55
315.494
313.438
311.383
309.327
307.272
305.214
303.158
301.102
299.047
296.99
294.935
292.878
290.823
288.767
286.711
284.655
282.599
280.543
278.486
276.431
274.376
272.319
270.263
268.207
266.151
264.094
262.039
259.983
257.927
255.871
253.815
251.759
249.703
247.647
245.591
243.536
241.479
239.424
237.368
235.312
233.255
231.2
229.143
227.088
225.032
222.976
220.92
218.864
216.808
214.752
212.696
210.64
214.222
212.377
214.264
216.023
214.28
215.201
214.608
214.014
213.421
212.827
212.234
211.641
211.047
210.454
209.861
209.267
208.674
208.08
207.488
206.894
206.301
205.706
205.114
204.52
203.927
203.333
202.74
202.147
201.553
200.96
200.366
199.773
199.179
198.586
197.993
197.399
196.807
196.213
195.62
195.026
194.433
193.839
193.246
192.653
192.06
191.466
190.873
190.279
189.686
189.092
188.5
187.906
187.312
186.719
186.125
185.532
184.939
184.346
183.753
183.159
182.566
181.972
181.379
180.785
180.192
179.598
179.005
178.411
177.818
177.225
176.631
176.038
175.444
174.851
174.258
173.664
173.071
172.478
171.885
171.291
170.698
170.104
169.511
168.918
168.324
167.73
167.137
166.545
165.951
165.357
164.764
165.435
164.89
165.18
165.443
164.919
164.994
164.729
164.464
164.198
163.933
163.668
163.402
163.137
162.872
162.606
162.341
162.076
161.81
161.545
161.28
161.015
160.749
160.484
160.219
159.953
159.688
159.423
159.158
158.892
158.627
158.361
158.096
157.831
157.566
157.3
157.035
156.769
156.504
156.239
155.974
155.709
155.444
155.178
154.913
154.647
154.382
154.117
153.852
153.586
166.469
166.696
175.626
184.26
184.721
191.4
194.546
197.692
200.836
203.982
207.129
210.274
213.42
216.565
219.711
222.857
226.003
229.148
232.294
235.439
238.585
241.731
244.876
248.022
251.168
254.314
257.459
260.605
263.751
266.896
270.042
273.187
276.333
279.479
282.625
285.771
288.916
292.061
295.208
298.353
301.499
304.644
307.789
310.935
314.081
317.227
320.372
323.518
310.251
312.782
304.45
296.487
298.726
293.203
292.091
290.979
289.866
288.754
287.642
286.529
285.418
284.305
283.194
282.081
280.969
279.856
278.745
277.633
276.52
275.409
274.296
273.183
272.071
270.96
269.846
268.734
267.622
266.51
265.398
264.285
263.174
262.062
260.95
259.837
258.725
257.613
256.501
255.388
254.277
253.165
252.052
250.939
249.828
248.715
247.603
246.49
245.379
244.266
243.154
242.042
240.931
239.818
238.706
237.594
236.482
235.369
234.257
233.144
232.032
230.92
229.808
228.696
227.584
226.472
225.36
224.247
223.135
222.022
220.911
219.798
218.686
217.574
216.462
215.35
214.238
213.126
212.014
210.902
209.788
208.677
207.564
206.452
205.34
204.228
203.115
202.004
200.891
199.779
198.667
197.555
196.442
195.33
194.218
193.106
191.994
190.881
189.946
188.84
187.851
186.857
185.754
184.735
183.668
182.602
181.536
180.469
179.402
178.335
177.268
176.202
175.136
174.069
173.002
171.936
170.869
169.802
168.736
167.669
166.603
165.536
164.47
163.403
162.336
161.27
160.203
159.137
158.07
157.003
155.937
154.87
153.804
152.737
151.671
150.603
149.537
148.47
147.404
146.337
145.271
144.204
143.138
142.071
141.004
139.937
138.871
137.804
136.737
135.671
134.604
133.537
132.471
131.405
130.338
129.271
128.205
127.138
126.072
125.005
123.938
122.871
121.805
120.738
119.672
118.606
117.539
116.472
115.406
114.339
113.272
112.206
111.139
110.143
109.079
108.062
107.042
105.98
104.951
103.902
102.854
101.806
100.757
99.7092
98.6606
97.6119
96.5636
95.5157
94.4672
93.419
92.3707
91.3223
90.2739
89.2257
88.1773
87.1286
86.0807
85.0323
83.9839
82.9358
81.8874
80.8389
79.7907
78.7423
77.6942
76.6458
75.5973
74.549
73.5005
72.4522
71.4042
70.3556
69.3073
68.2591
67.2108
66.1624
65.1141
64.0658
63.0174
61.969
60.9208
59.8723
58.8242
57.7758
56.7273
55.679
54.6309
53.5826
52.534
51.4857
50.4375
49.3891
48.341
47.2923
46.2441
76.7677
76.9027
97.9353
118.257
118.953
134.579
141.722
148.864
156.007
163.149
170.292
177.434
184.576
191.719
198.861
206.004
213.146
220.289
227.431
234.574
241.717
248.859
256.001
263.144
270.286
277.429
284.571
291.714
298.857
305.999
313.141
320.284
327.426
334.568
341.711
348.853
355.996
363.139
370.28
377.424
384.566
391.708
398.851
405.993
413.135
420.278
427.421
434.563
441.705
417.276
423.234
408.296
394.067
399.467
389.933
388.886
387.836
386.788
385.74
384.69
383.643
382.594
381.545
380.496
379.447
378.4
377.352
376.302
375.255
374.205
373.157
372.109
371.06
370.013
368.965
367.915
366.868
365.819
364.77
363.72
362.673
361.625
360.576
359.527
358.479
357.43
356.382
355.333
354.286
353.235
352.187
351.14
350.091
349.043
347.993
346.945
345.897
344.849
343.799
342.752
341.703
340.654
339.606
338.558
337.509
336.459
335.413
334.363
333.315
332.267
331.218
330.17
329.121
328.074
327.023
325.976
324.928
323.879
322.83
321.782
320.733
319.686
318.637
317.588
316.539
315.491
314.443
313.394
312.346
311.297
310.249
309.2
308.152
307.103
306.055
305.005
303.957
302.909
301.86
300.812
299.764
298.715
297.667
296.618
295.57
294.521
293.473
292.425
291.375
290.328
289.278
288.231
283.672
282.493
278.991
275.568
274.325
271.424
269.464
267.504
265.546
263.588
261.629
259.67
257.71
255.752
253.793
251.834
249.876
247.918
245.958
243.999
242.041
240.081
238.123
236.164
234.205
232.247
230.288
228.33
226.371
224.412
222.453
220.494
218.535
216.577
214.617
212.659
210.7
208.741
206.782
204.824
202.865
200.906
198.948
196.988
195.03
193.071
191.112
189.154
187.195
185.235
183.277
181.319
179.36
177.401
175.442
173.482
171.524
169.565
167.606
165.647
163.689
161.73
159.771
157.812
155.854
153.895
151.936
149.977
148.018
146.06
144.101
142.142
140.184
142.312
140.506
141.405
142.213
140.48
140.679
139.781
138.883
137.984
137.086
136.187
135.288
134.39
133.492
132.593
131.694
130.796
129.897
128.999
128.101
127.202
126.304
125.405
124.507
123.608
122.709
121.811
120.913
120.014
119.116
118.217
117.318
116.42
115.522
114.623
113.725
112.826
111.928
111.029
110.13
109.232
108.333
107.435
106.536
105.638
104.739
103.841
102.942
102.044
101.146
100.247
99.3486
98.4498
97.5514
96.6528
95.7542
94.8558
93.9573
93.059
92.1603
91.2621
90.3637
89.4649
88.5666
87.668
86.7694
85.8713
84.9727
84.074
86.6388
85.87
87.3937
88.8394
88.1321
89.0631
89.0631
89.0631
89.0631
89.0631
89.0631
89.0631
89.0631
89.0631
89.0631
89.0631
89.0631
89.0631
89.0631
89.0631
89.0631
89.0631
89.0631
89.0631
89.0631
89.0631
89.0631
89.0631
89.0631
89.0631
89.0631
89.0631
89.0631
88.2112
88.1792
87.5835
87.0066
86.9596
86.5095
86.2883
86.0678
85.8466
85.6256
85.4044
85.1832
84.9622
84.7409
84.5202
84.2991
84.0783
83.8571
83.636
83.4149
83.1939
82.9726
82.752
82.5309
82.3099
82.0887
81.8678
81.6469
81.4255
81.2045
80.9835
80.7625
80.5414
80.3203
80.0994
79.8782
79.6572
79.4361
79.2153
78.9941
78.7732
78.5521
78.331
78.1099
77.8889
77.6677
77.447
77.2259
77.0048
76.7839
76.5625
76.3415
76.1207
75.8996
75.6786
75.4576
75.2364
75.0154
74.7942
74.5732
74.3522
74.1312
73.9102
73.6893
73.4681
73.2473
73.026
72.8049
72.5838
72.3629
72.1419
71.9207
71.7
71.4788
71.2576
71.0364
70.8155
70.5944
70.3736
70.1525
69.9314
69.7102
69.4893
69.2684
69.0473
68.8261
68.6052
68.3842
68.1633
67.9421
67.721
67.5001
67.2789
67.0579
66.8367
83.1449
83.5434
94.8828
105.85
106.542
115.051
119.118
123.186
127.253
131.32
135.387
139.454
143.521
147.588
151.656
155.723
159.79
163.858
167.925
171.991
176.059
180.126
184.193
188.26
192.328
196.395
200.462
204.529
208.597
212.664
216.731
220.799
224.865
228.932
233.0
237.067
241.134
245.201
249.268
253.336
257.403
261.471
265.537
269.605
273.672
277.738
281.806
285.874
289.941
294.007
298.075
302.143
306.21
310.277
314.344
318.411
322.479
326.545
330.612
334.68
338.747
342.814
346.881
350.95
355.016
359.082
363.149
367.217
371.284
375.352
379.42
383.487
387.553
391.62
395.688
399.754
403.822
407.89
411.957
416.024
420.091
424.158
428.226
432.292
436.36
440.426
444.494
448.561
452.629
400.547
402.511
367.308
333.371
334.337
308.748
298.251
287.751
277.251
266.751
256.252
245.752
235.252
224.754
214.254
203.755
193.255
182.755
172.255
161.757
151.258
140.758
130.258
119.759
109.26
98.7597
88.2603
77.7612
114.615
105.89
128.509
150.062
142.178
156.689
158.475
160.26
162.046
163.832
165.617
167.403
169.188
170.973
172.76
174.545
176.331
178.116
179.902
181.688
183.473
185.258
187.044
188.83
190.616
192.401
194.187
195.973
197.758
199.544
201.329
203.116
204.901
206.686
208.472
210.258
212.043
213.829
215.614
217.4
219.186
220.971
222.757
224.542
226.328
228.114
229.899
231.685
233.47
235.256
237.042
238.827
240.613
242.398
244.185
245.971
247.755
249.541
251.327
253.112
254.898
256.683
258.47
260.255
262.041
263.826
265.612
267.398
269.183
270.969
272.755
274.54
276.326
278.111
279.896
281.682
283.468
285.253
287.039
288.824
290.61
292.397
294.181
295.968
291.673
293.231
290.764
288.435
289.885
288.459
288.668
288.875
289.084
289.292
289.501
289.709
289.916
290.126
290.334
290.543
290.751
290.959
291.167
291.376
291.584
291.793
292.0
292.209
292.417
292.625
292.834
293.043
293.25
293.459
293.667
293.876
294.084
294.293
294.5
294.709
294.918
295.125
295.335
295.542
295.75
295.959
296.167
296.376
296.584
296.793
297.0
297.209
297.417
297.625
297.833
298.042
298.25
298.458
298.667
298.875
299.084
299.292
299.5
299.709
299.917
300.125
300.333
300.542
300.75
300.959
301.168
301.375
301.583
301.792
302.0
302.209
302.418
302.625
302.833
303.042
303.25
303.458
303.667
303.875
304.083
304.291
304.5
304.708
304.916
305.125
305.334
305.542
305.749
305.958
306.166
306.375
306.584
306.792
306.999
307.208
307.416
307.624
307.834
308.041
308.25
308.458
308.666
308.875
309.083
309.292
309.499
309.708
309.917
310.124
310.334
310.542
310.75
310.958
311.166
311.374
311.583
311.791
311.999
312.208
296.604
296.221
285.371
274.877
274.211
266.069
262.175
258.281
254.387
250.493
246.601
242.706
238.812
234.919
231.025
227.132
223.237
219.344
215.45
211.556
207.662
203.768
199.875
195.982
192.088
188.194
184.3
180.406
176.513
172.618
168.725
164.831
160.937
157.044
153.151
149.256
145.362
141.469
137.575
133.681
129.788
125.894
122.0
118.107
114.213
110.319
106.425
102.531
98.638
94.7445
90.8502
86.9566
83.0632
79.1696
75.2756
71.3817
67.4883
63.5944
59.7007
55.8068
51.913
48.0196
44.1256
40.2321
36.3385
32.4448
56.032
53.1682
68.4943
83.2018
80.8259
91.447
94.6825
97.9183
101.154
104.39
107.626
110.861
114.097
117.333
120.569
123.805
127.04
130.276
133.512
136.748
139.983
143.219
146.455
149.691
152.926
156.162
159.398
162.634
165.87
169.106
172.341
175.577
178.813
182.049
185.284
188.521
191.756
194.991
198.227
201.463
204.699
207.934
211.171
214.406
217.642
220.878
224.114
227.349
230.586
233.821
237.056
240.292
243.528
246.764
250.0
253.236
256.471
259.707
262.943
266.179
269.414
272.651
275.886
279.122
282.358
285.594
288.83
292.065
295.301
298.537
301.773
305.008
308.244
311.48
314.716
317.951
321.188
324.424
327.659
330.894
334.13
337.367
340.602
343.838
347.073
350.309
353.546
356.781
360.016
349.483
352.203
345.808
339.725
342.2
338.163
337.827
337.492
337.155
336.82
336.481
336.146
335.809
335.473
335.136
334.801
334.465
334.128
333.791
333.455
333.118
332.783
332.445
332.11
331.773
331.437
331.099
330.764
330.428
330.091
329.755
329.419
329.082
328.745
328.41
328.074
327.736
327.401
327.064
326.729
326.392
326.055
325.719
325.383
325.046
324.711
324.374
324.037
323.701
323.365
323.028
322.691
322.355
322.02
321.683
321.347
321.009
320.674
320.337
320.001
319.665
319.328
318.992
318.656
318.319
317.984
317.647
317.31
316.974
316.639
316.302
315.965
315.628
315.293
314.955
314.619
314.283
313.947
313.611
313.274
312.938
312.601
312.264
311.929
311.593
311.256
310.92
310.584
310.247
309.911
309.574
309.239
308.902
308.565
308.229
307.893
307.557
307.22
306.884
306.547
306.211
305.875
305.539
305.202
304.865
304.53
304.193
303.856
303.52
303.184
295.635
295.029
289.646
284.428
283.693
279.547
277.34
275.132
272.924
270.715
268.508
266.301
264.093
261.885
259.678
257.471
255.263
253.055
250.847
248.639
246.432
244.225
242.016
239.808
237.601
235.394
233.186
230.979
228.77
226.563
224.355
222.147
219.94
217.733
215.525
213.317
211.109
208.902
206.694
204.486
202.278
200.071
197.863
195.655
193.447
191.24
189.032
186.825
184.617
182.409
180.202
177.994
175.786
173.579
171.371
169.163
166.955
164.748
162.541
160.332
158.125
155.917
153.709
151.502
149.294
147.087
144.879
142.671
140.463
138.256
136.049
133.84
131.633
129.425
127.218
125.01
122.802
125.009
122.967
123.847
124.627
122.663
122.787
121.724
120.662
119.599
118.537
117.474
116.412
115.35
114.287
113.225
112.162
111.1
110.037
108.975
107.912
106.85
105.787
104.725
103.663
102.6
101.538
100.475
99.413
98.3501
97.288
96.2259
95.1633
94.101
93.0383
91.9758
90.9131
89.8507
88.7879
87.7257
86.6634
85.6009
84.5385
83.4763
82.4138
81.3513
80.2889
79.2263
78.1641
77.1017
76.0389
74.9765
73.9144
72.8519
71.7894
70.7269
69.6644
68.6023
67.5397
66.4773
65.4148
64.3524
63.2898
62.2274
61.165
78.028
77.6373
89.1119
100.183
100.11
108.516
112.104
115.692
119.28
122.868
126.456
130.044
133.632
137.22
140.808
144.396
147.984
151.572
155.16
158.748
162.336
165.924
169.512
173.1
176.689
180.276
183.864
187.453
191.04
194.628
198.217
201.804
205.393
208.98
212.569
216.157
219.745
223.333
226.921
230.509
234.097
237.685
241.273
244.861
248.449
252.038
255.625
259.213
262.802
266.389
269.978
257.708
260.702
253.2
246.056
248.767
243.981
243.455
242.93
242.403
241.878
241.352
240.827
240.3
239.775
239.249
238.723
238.199
237.672
237.146
236.62
236.095
235.569
235.043
234.518
233.991
233.465
232.94
232.415
231.889
231.363
230.837
230.311
229.786
229.26
228.734
228.208
227.682
227.156
226.631
226.105
225.579
225.054
224.528
224.002
223.476
222.95
222.425
221.899
221.374
220.848
220.322
219.797
219.271
218.745
218.219
217.694
217.167
216.642
216.116
215.591
215.065
214.539
214.014
213.487
212.962
212.436
211.91
211.384
210.858
210.333
209.807
209.282
208.756
208.23
207.704
207.179
206.653
206.127
205.601
205.075
204.55
204.024
203.499
202.972
202.446
201.921
201.395
200.87
200.344
199.818
199.292
198.766
198.241
197.715
197.189
196.664
196.138
199.035
198.637
200.506
202.297
201.96
203.243
203.606
203.967
204.33
204.691
205.055
205.417
205.779
206.141
206.503
206.866
207.228
207.59
207.952
208.315
208.677
209.04
209.401
209.764
210.127
210.488
210.851
211.213
211.575
211.938
212.3
212.662
213.024
213.387
213.749
214.111
214.474
214.836
215.199
215.561
215.923
216.285
216.648
217.01
217.373
217.735
218.097
218.46
218.821
219.184
219.546
219.909
220.271
220.633
220.996
221.357
221.72
222.082
222.445
222.807
223.169
223.531
223.893
224.256
224.618
224.98
225.343
225.705
226.068
226.43
226.791
227.154
227.517
227.879
228.241
228.604
228.966
229.328
229.691
230.053
230.414
230.777
231.14
231.502
231.864
232.226
232.589
232.951
233.314
233.676
234.038
234.4
234.763
235.125
235.487
235.85
236.212
236.574
236.937
237.299
237.661
238.023
238.386
238.748
239.11
239.473
239.835
240.198
240.559
240.922
241.284
241.646
242.008
242.371
242.734
243.096
243.458
243.82
244.183
244.545
244.907
245.269
245.631
245.994
246.356
246.718
247.081
247.443
247.805
248.168
248.53
248.892
249.254
249.617
249.98
250.342
250.703
251.066
251.832
252.21
252.855
253.49
253.875
254.451
254.918
255.385
255.852
256.319
256.785
257.253
257.72
258.187
258.654
259.122
259.588
260.056
260.523
260.99
261.457
261.924
262.391
262.859
263.326
263.791
264.26
264.726
265.193
265.661
266.128
266.595
267.061
267.529
267.995
268.463
268.93
269.397
269.864
270.331
270.799
271.266
271.732
272.199
272.667
273.133
273.6
274.068
274.535
275.002
275.47
275.937
276.404
276.87
277.337
277.805
278.271
278.739
279.205
279.672
280.139
280.607
281.075
281.542
282.008
282.475
282.943
283.409
283.877
284.344
284.811
285.278
285.745
286.213
286.679
287.147
287.613
288.08
288.547
289.015
289.482
289.949
290.416
290.882
291.349
291.816
292.283
292.751
293.219
293.686
294.153
294.619
295.087
295.554
296.022
296.487
296.954
297.421
297.889
298.356
298.823
299.29
299.758
300.224
300.692
301.158
301.625
302.092
302.56
303.027
303.494
303.96
304.429
304.895
305.363
305.829
306.296
306.764
307.231
307.698
308.165
308.632
309.099
309.566
310.033
310.5
310.967
311.435
311.902
312.368
312.836
313.302
313.769
314.237
314.703
315.171
315.639
316.106
316.572
317.039
317.505
317.973
318.44
318.908
319.375
319.842
320.309
320.776
321.244
321.711
322.178
322.644
313.28
313.38
306.972
300.785
300.709
295.984
293.901
291.817
289.734
287.651
285.568
283.485
281.402
279.318
277.235
275.152
273.069
270.985
268.902
266.819
264.736
262.653
260.569
258.487
256.403
254.32
252.236
250.153
248.07
245.986
243.904
241.82
239.737
237.654
235.57
233.487
231.404
229.321
227.238
225.155
223.071
220.988
218.905
216.822
214.739
212.655
210.572
208.488
206.405
204.323
202.239
200.155
198.073
195.989
193.906
191.823
189.74
187.657
185.574
183.49
181.407
179.323
177.24
175.157
173.074
170.991
168.908
166.825
164.741
162.658
160.575
158.491
158.345
156.335
155.607
154.835
152.859
151.799
150.219
148.638
147.057
145.476
143.897
142.315
140.735
139.154
137.574
135.993
134.413
132.832
131.252
129.671
128.091
126.51
124.929
123.349
121.768
120.188
118.607
117.027
115.446
113.865
112.285
110.704
109.124
107.543
105.963
104.382
102.802
101.221
99.6405
98.0602
96.4793
94.899
93.3182
91.7375
90.1573
88.5764
86.996
85.4154
83.8352
82.2545
80.674
79.0933
77.5125
75.9322
74.3517
72.7713
71.1906
69.61
68.0296
66.4489
64.8682
63.2877
86.7746
86.1337
102.085
117.472
117.276
128.935
133.858
138.781
143.704
148.627
153.549
158.472
163.395
168.318
173.241
178.164
183.086
188.009
192.932
197.855
202.778
207.7
212.623
217.546
222.468
227.392
232.314
237.237
242.16
247.083
252.005
256.929
261.851
266.774
271.697
276.619
281.543
286.465
291.389
296.311
301.234
306.157
311.08
316.002
320.925
325.848
330.77
335.694
340.617
345.539
350.462
355.385
335.15
339.131
326.458
314.353
317.886
309.521
307.918
306.313
304.71
303.106
301.502
299.899
298.294
296.691
295.087
293.482
291.879
290.275
288.671
287.067
285.464
283.859
282.256
280.652
279.049
277.443
275.84
274.236
272.632
271.029
269.425
267.82
266.216
264.613
263.009
261.404
259.802
258.198
256.594
254.989
253.385
251.782
250.177
248.574
246.969
245.366
243.762
242.159
240.555
238.951
237.347
235.742
234.139
232.535
230.931
229.327
227.724
226.12
224.516
222.912
221.308
219.704
218.1
216.497
214.893
213.289
211.686
210.081
208.477
206.873
205.269
203.665
202.062
200.458
198.854
197.25
195.646
194.043
192.439
190.835
189.231
187.627
186.023
184.419
182.815
181.211
179.607
178.003
176.4
174.796
173.192
171.588
169.984
168.38
166.776
165.172
163.568
161.965
160.361
158.757
157.153
163.607
162.305
166.336
170.185
169.027
171.679
172.165
172.651
173.138
173.625
174.111
174.597
175.084
175.57
176.057
176.543
177.03
177.516
178.002
178.489
178.976
179.462
179.948
180.435
180.922
181.408
181.894
182.381
182.867
183.354
183.84
184.327
184.813
185.3
185.786
186.273
186.759
187.246
187.732
188.218
188.705
189.191
189.678
190.165
190.651
191.137
191.623
192.111
192.597
193.083
193.569
194.056
194.542
195.029
195.516
196.001
196.489
196.974
197.461
197.947
198.434
198.921
199.407
199.894
200.38
200.867
201.353
201.839
202.326
202.812
203.298
203.785
204.271
204.759
203.651
204.078
203.449
202.857
203.255
202.899
202.972
203.045
203.118
203.191
203.263
203.337
203.41
203.483
203.555
203.628
203.702
203.774
203.847
203.92
203.993
204.066
204.138
204.212
204.284
204.358
204.431
204.503
204.576
204.649
204.722
204.795
204.867
204.941
205.013
205.087
205.16
205.232
205.306
205.378
205.451
205.524
205.597
205.67
205.744
205.815
205.889
205.962
206.034
206.107
206.181
206.254
206.326
206.399
206.472
206.545
206.618
206.69
206.764
206.837
206.91
206.982
207.055
207.128
207.201
207.274
207.347
207.42
207.493
207.566
207.639
207.711
207.784
207.858
207.931
208.004
208.076
208.149
208.222
208.295
208.368
208.441
208.514
208.587
208.66
208.732
208.805
208.878
208.95
209.024
209.097
209.169
209.242
209.315
209.388
209.461
197.433
197.053
188.662
180.544
179.949
173.631
170.564
167.497
164.431
161.364
158.298
155.231
152.165
149.098
146.032
142.965
139.899
136.832
133.766
130.699
127.633
124.566
121.5
118.434
115.367
112.3
109.234
106.168
103.101
100.034
117.139
114.828
125.869
136.456
134.504
142.091
144.257
146.424
148.591
150.757
152.924
155.09
157.257
159.423
161.59
163.756
165.923
168.089
170.256
172.422
174.589
176.756
178.922
181.089
183.255
185.422
187.589
189.755
191.921
194.088
196.255
198.421
200.588
202.754
204.921
207.087
209.254
211.42
213.587
215.753
217.92
220.087
222.253
224.42
226.587
228.753
230.919
233.086
235.253
237.419
239.585
241.752
243.919
246.085
248.252
250.418
252.585
254.752
256.918
259.085
261.251
263.418
265.584
267.752
269.917
272.084
274.25
276.417
278.583
280.75
282.917
285.083
287.25
289.416
291.583
293.75
295.917
298.082
300.249
302.415
304.582
306.749
308.915
311.081
292.871
294.274
282.19
270.564
271.605
263.009
259.89
256.769
253.65
250.53
247.411
244.291
241.171
238.051
234.931
231.812
228.691
225.571
222.451
219.332
216.212
213.092
209.973
206.852
203.733
200.612
197.493
194.373
191.253
188.134
185.013
181.894
178.774
175.655
172.535
169.415
166.295
163.175
160.055
156.935
153.815
150.695
147.576
144.456
141.336
138.216
135.096
131.976
128.857
125.737
122.617
119.497
116.377
113.257
110.138
107.017
103.898
100.778
97.6583
94.5386
91.4187
88.2991
85.1788
82.0592
78.9392
75.8194
72.6996
69.5801
66.4603
63.3401
60.2205
57.1008
53.9809
50.8608
47.7411
64.062
61.6706
72.1474
82.1862
80.14
87.2881
89.2118
91.1356
93.0594
94.9827
96.9068
98.8304
100.754
102.678
104.602
106.525
108.449
110.372
112.297
114.22
116.144
118.068
119.991
121.915
123.839
125.762
127.686
129.61
131.533
133.457
135.381
137.304
139.228
141.152
143.076
144.999
146.923
148.847
150.77
152.694
154.617
156.542
158.466
160.389
162.313
164.236
166.16
168.084
170.007
171.931
173.855
175.779
177.702
179.626
181.55
183.473
185.397
187.321
189.244
191.168
193.092
195.016
196.94
198.863
200.787
202.71
204.635
206.557
208.482
210.405
212.329
214.253
216.176
218.101
220.024
221.947
223.872
225.795
227.719
229.642
231.566
233.49
235.414
237.337
239.261
241.185
243.108
245.032
246.956
248.879
250.804
252.726
254.651
256.575
258.498
260.422
262.346
264.269
266.193
268.116
270.04
271.965
273.888
275.811
277.735
274.639
276.374
274.786
273.312
274.957
274.231
274.851
275.471
276.093
276.714
277.336
277.957
278.578
279.199
279.82
280.441
281.062
281.685
282.305
282.926
283.547
284.169
284.79
285.411
286.032
286.653
287.275
287.895
288.516
289.138
289.759
290.38
291.001
291.624
292.244
292.866
293.486
294.107
294.729
295.349
295.971
296.592
297.214
297.835
298.456
299.077
299.699
300.319
300.94
301.562
302.183
302.804
303.426
304.046
304.668
305.289
305.91
306.531
307.153
307.774
308.395
309.016
309.636
310.258
310.879
311.501
312.121
312.743
313.364
313.986
314.606
315.228
315.849
316.469
317.092
317.712
318.334
318.954
319.576
320.197
320.818
321.44
322.061
322.682
323.303
323.924
324.546
325.167
325.788
326.408
327.03
327.652
328.272
328.893
329.514
330.136
330.757
331.378
331.999
332.62
333.241
333.863
334.484
335.104
335.726
336.348
336.97
337.591
338.21
338.831
339.453
340.074
340.696
341.317
341.938
342.56
343.18
343.803
344.423
345.045
345.665
346.286
346.908
347.528
348.149
348.773
349.393
350.014
350.634
351.257
351.877
352.499
337.789
337.836
327.735
317.98
317.755
310.279
306.922
303.567
300.211
296.855
293.499
290.143
286.787
283.431
280.075
276.718
273.362
270.007
266.651
263.295
259.94
256.583
253.227
249.871
246.515
243.159
239.803
236.447
233.091
229.735
226.379
223.022
219.667
216.311
212.956
209.599
206.243
202.887
199.531
196.175
192.819
189.463
186.107
182.751
179.395
176.04
172.683
169.328
165.972
162.616
159.259
155.904
152.548
149.191
145.835
142.479
139.123
135.768
132.412
129.055
125.699
122.343
118.987
115.631
112.276
108.92
105.564
102.208
98.8517
95.4954
92.1397
88.7839
85.4274
81.71
78.3404
74.7319
71.1304
67.755
64.2078
60.758
57.3084
53.8585
50.4085
46.9588
43.509
40.0593
36.6092
33.1597
29.7097
26.2599
22.8103
19.3603
15.9106
32.5268
29.829
40.4132
50.5457
48.204
55.3526
57.1085
58.8645
60.6205
62.3765
64.1325
65.8885
67.6446
69.4005
71.1566
72.9125
74.6686
76.4243
78.1804
79.9364
81.6925
83.4484
85.2046
86.9603
88.7164
90.4725
92.2286
93.9845
95.7403
97.4963
99.2525
101.009
102.765
104.52
106.276
108.032
109.788
111.545
113.3
115.056
116.812
115.629
117.275
116.975
116.741
118.335
118.538
119.532
120.525
121.519
122.513
123.505
124.499
125.492
126.486
127.479
128.473
129.466
130.459
131.453
132.446
133.44
134.433
135.427
136.42
137.413
138.407
139.4
140.394
141.387
142.381
143.374
144.367
145.36
146.354
147.347
148.341
149.334
150.327
151.321
152.314
153.308
154.302
155.295
156.288
157.282
158.275
159.268
160.262
161.255
162.248
163.242
164.236
165.229
166.222
167.216
168.209
169.202
170.196
171.189
172.183
173.176
174.17
175.163
176.156
177.15
178.144
179.136
180.13
181.124
182.117
183.11
184.104
185.097
186.091
187.084
188.077
189.071
190.064
191.057
192.051
193.044
194.038
195.031
196.025
197.019
198.012
199.005
199.998
200.992
201.986
202.979
203.972
204.966
205.959
206.952
207.945
208.938
209.933
210.926
211.919
212.912
213.906
214.899
215.893
216.886
217.879
218.873
219.866
220.861
221.853
222.846
223.84
224.834
225.827
226.82
227.814
228.807
229.801
230.794
231.787
232.782
233.774
234.767
235.762
236.754
237.747
238.742
239.735
240.728
241.721
242.714
243.709
244.702
245.695
246.689
247.682
248.675
249.669
250.662
251.655
252.65
253.642
254.636
255.63
256.623
257.616
258.609
259.603
260.597
261.59
262.583
263.576
264.57
259.467
260.231
256.962
253.829
254.485
252.259
251.67
251.082
250.494
249.906
249.317
248.73
248.141
247.554
246.964
246.377
245.788
245.2
244.612
244.024
243.436
242.848
242.259
241.672
241.083
240.495
239.906
239.318
238.729
238.142
237.554
236.965
236.378
235.789
235.2
234.612
234.024
233.437
232.848
232.26
231.672
231.083
230.495
229.906
229.319
228.73
228.143
227.554
226.966
226.378
225.79
225.202
224.613
224.025
223.437
222.848
222.26
221.672
221.084
220.495
219.907
219.319
218.73
218.143
217.555
216.966
216.378
215.79
217.696
217.2
218.357
219.457
219.006
219.735
219.794
219.853
219.912
219.971
220.03
220.089
220.148
220.206
220.265
220.324
220.383
220.441
220.5
220.559
220.618
220.677
220.735
220.794
220.854
220.912
220.971
221.03
221.089
221.147
221.206
221.265
221.324
221.383
221.215
221.265
221.165
221.071
221.117
221.056
221.056
221.056
221.056
221.056
221.056
221.056
221.056
221.056
221.056
221.056
221.056
221.056
221.056
221.056
221.056
221.056
221.056
221.056
221.056
221.056
221.056
221.056
221.056
221.056
221.056
221.056
221.056
221.056
221.056
221.056
221.056
221.056
221.056
221.056
221.056
221.056
221.056
221.056
221.056
221.056
221.056
221.056
221.056
221.056
221.056
221.056
221.056
221.056
221.056
221.056
221.056
221.056
221.056
221.056
221.056
221.056
221.056
221.488
221.505
221.807
222.1
222.125
222.352
222.464
222.577
222.689
222.802
222.913
223.026
223.138
223.25
223.363
223.475
223.587
223.699
223.812
223.924
224.036
224.148
224.261
224.373
224.486
224.597
224.709
224.822
224.934
225.046
225.159
225.271
225.383
225.495
225.608
225.72
225.832
225.944
226.056
226.169
226.28
226.394
226.506
226.618
226.73
226.842
226.955
227.067
227.179
227.291
227.403
227.515
227.627
227.74
227.852
227.965
228.077
228.189
228.301
228.413
228.526
228.638
228.751
228.862
228.974
229.087
229.199
229.311
229.423
229.536
229.648
229.76
229.873
229.985
230.096
230.21
230.321
230.433
230.546
230.659
230.77
230.883
230.995
231.107
231.22
231.332
231.444
231.556
231.669
231.781
231.893
232.006
232.117
232.23
232.342
232.454
232.566
232.679
231.883
231.962
231.439
230.936
230.999
230.631
230.509
230.384
230.261
230.138
230.014
229.891
229.768
229.644
229.521
229.398
229.275
229.151
229.029
228.905
228.782
228.659
228.535
228.411
228.289
228.166
228.042
227.919
227.795
227.672
227.549
227.426
227.302
227.179
227.056
226.933
226.809
226.686
226.562
226.44
226.316
226.192
226.07
225.947
225.823
225.7
225.577
225.453
225.329
225.207
225.084
224.96
224.838
224.714
224.59
224.467
224.344
224.22
224.097
223.974
223.851
223.727
223.604
223.481
223.358
223.234
223.111
222.988
222.864
222.741
222.618
222.495
222.372
212.737
212.257
205.482
198.921
198.273
193.126
190.535
187.944
185.354
182.763
180.172
177.581
174.99
172.4
169.809
167.219
164.627
162.036
159.446
156.855
154.264
151.674
149.082
146.492
143.901
141.31
138.719
136.129
133.538
130.947
128.356
125.766
123.175
120.584
117.993
115.403
112.812
110.222
107.63
105.04
102.449
99.8577
97.2672
94.6761
92.0855
89.4947
86.9039
84.3132
81.7228
79.1318
76.5408
73.9504
71.3592
68.7689
66.1779
63.5872
60.9964
58.4058
55.8148
53.2242
50.6333
48.0427
45.4518
42.8611
40.2703
37.6797
56.336
54.5413
66.8106
78.601
77.1839
85.815
88.7367
91.658
94.5792
97.5007
100.422
103.343
106.265
109.186
112.108
115.029
117.95
120.872
123.793
126.715
129.636
132.557
135.479
138.4
141.322
144.243
147.165
150.086
153.008
155.929
158.85
161.772
164.693
167.614
170.536
173.457
176.378
179.3
182.221
185.143
188.064
190.986
193.907
196.829
199.75
202.671
205.593
208.514
211.436
214.357
217.279
212.673
215.312
212.97
210.796
213.302
212.248
213.216
214.186
215.154
216.123
217.091
218.06
219.028
219.998
220.966
221.935
222.904
223.872
224.841
225.81
226.778
227.747
228.716
229.684
230.653
231.622
232.591
233.56
234.528
235.497
236.466
237.434
238.403
239.371
240.34
241.309
242.277
243.247
244.215
245.184
246.152
247.121
248.09
249.059
250.027
250.996
251.965
252.932
253.902
254.87
255.839
256.809
257.777
258.745
259.715
260.683
261.652
262.62
263.589
264.558
265.526
266.496
267.464
268.432
269.401
270.37
271.338
272.307
273.276
274.244
275.213
276.182
277.151
278.119
279.088
280.057
281.025
281.995
282.963
283.931
284.901
285.869
286.837
287.807
288.776
289.744
290.712
291.681
292.65
293.619
294.588
295.556
296.525
297.493
298.462
299.431
292.551
293.226
288.705
284.361
284.896
281.719
280.652
279.584
278.516
277.449
276.383
275.315
274.247
273.18
272.112
271.044
269.977
268.909
267.841
266.775
265.707
264.639
263.571
262.504
261.437
260.369
259.303
258.235
257.167
256.099
255.031
253.964
252.896
251.829
250.761
249.694
248.627
247.56
246.492
245.424
244.357
243.289
242.222
241.154
240.087
239.02
237.952
236.884
235.817
234.749
233.682
232.613
231.547
230.479
229.412
228.344
227.276
226.209
225.141
224.074
223.007
221.939
220.872
219.804
218.737
217.668
216.601
215.535
214.466
213.399
212.331
211.264
210.196
209.129
203.627
202.394
198.225
194.156
192.844
189.434
187.216
184.999
182.781
180.564
178.346
176.127
173.91
171.692
169.474
167.256
165.038
162.821
160.603
158.385
156.167
153.949
151.731
149.513
147.296
145.078
142.86
140.642
138.425
136.206
133.989
131.771
129.553
127.335
125.118
122.899
120.681
118.464
116.246
114.028
111.81
109.593
107.375
105.157
102.939
100.721
98.5035
96.2855
94.0677
91.8499
89.632
87.4146
85.1965
82.9788
80.761
78.5431
76.3253
74.1073
71.8897
69.6719
67.4539
65.2361
63.0183
60.8006
58.5824
56.3648
54.1469
51.9292
49.7114
47.4936
45.2759
43.0579
40.84
38.6223
36.4044
34.1867
31.9687
29.7509
61.9381
61.0097
82.8542
103.924
103.606
119.56
126.268
132.976
139.684
146.392
153.1
159.808
166.516
173.224
179.932
186.64
193.348
200.055
206.764
213.472
220.18
226.888
233.596
240.304
247.011
253.72
260.427
267.135
273.844
280.552
287.259
293.967
300.675
307.384
314.091
320.799
327.507
334.216
340.924
347.632
354.34
361.047
367.755
374.463
381.172
387.879
394.588
401.294
374.881
380.347
363.891
348.18
353.058
342.273
340.386
338.503
336.617
334.732
332.847
330.963
329.078
327.193
325.308
323.423
321.538
319.652
317.768
315.883
313.998
312.113
310.229
308.343
306.458
304.573
302.689
300.802
298.918
297.034
295.149
293.263
291.379
289.493
287.608
285.723
283.839
281.953
280.069
278.184
276.299
274.414
272.529
270.644
268.758
266.873
264.989
263.104
261.219
259.334
257.449
255.564
253.679
251.795
249.909
248.025
246.14
244.254
242.37
240.485
238.6
236.714
234.83
232.945
231.059
229.175
227.289
225.404
223.52
221.635
219.749
217.865
215.981
214.096
212.21
210.325
208.44
206.555
204.671
202.785
200.9
199.016
197.131
195.245
193.361
191.476
189.59
194.398
192.764
195.56
198.205
196.69
198.34
198.191
198.043
197.894
197.746
197.596
197.448
197.3
197.15
197.002
196.853
196.705
196.556
196.407
196.259
196.11
195.962
195.813
195.665
195.516
195.367
195.219
195.07
194.921
194.772
194.624
194.475
194.326
194.178
194.029
193.881
193.732
193.583
193.435
193.286
193.138
192.989
192.84
192.691
192.543
192.395
192.246
192.097
191.948
191.799
191.651
191.502
191.354
191.205
191.057
190.907
190.759
190.611
190.462
190.314
190.165
190.016
189.867
189.718
189.57
189.421
189.273
189.124
188.976
188.827
188.678
188.529
188.381
188.232
178.157
177.636
170.545
163.677
162.98
157.588
154.864
152.14
149.416
146.692
143.969
141.245
138.521
135.796
133.073
130.349
127.624
124.901
122.177
119.452
116.728
114.004
111.281
108.557
105.832
103.109
100.385
97.6606
94.9365
92.2124
89.4884
86.7648
84.0405
81.3167
78.5929
75.8688
73.1444
70.4207
67.6966
64.9725
62.2489
59.5249
56.8007
54.0767
51.3529
48.6288
45.9049
43.1807
40.4568
37.7329
35.0089
32.2849
29.5607
26.837
24.1129
21.389
18.6651
15.941
38.5836
36.8102
51.8273
66.273
64.9502
75.6239
79.4809
83.3379
87.1948
91.0517
94.9086
98.7657
102.623
106.479
110.336
114.193
118.05
121.907
125.764
129.621
133.478
137.335
141.192
145.049
148.906
152.763
156.62
160.477
164.333
168.19
172.047
175.904
179.761
183.618
187.475
191.332
195.189
199.046
202.903
206.76
210.616
214.474
218.331
222.187
226.044
229.901
233.758
237.615
241.472
245.329
249.186
253.043
256.9
260.757
264.614
268.471
272.328
276.185
280.041
283.898
287.755
291.612
295.469
284.299
287.592
280.939
274.626
277.652
273.572
273.53
273.489
273.447
273.405
273.363
273.322
273.281
273.238
273.197
273.155
273.113
273.071
273.03
272.987
272.947
272.905
272.864
272.822
272.78
272.739
272.698
272.656
272.613
272.572
272.531
272.488
272.447
272.406
272.363
272.322
272.28
272.238
272.197
272.156
272.114
272.072
272.03
271.989
271.947
271.905
271.864
271.822
271.781
271.739
271.697
271.655
271.614
271.572
271.53
271.488
271.447
271.406
271.363
271.322
271.281
271.238
271.197
271.155
271.112
271.072
271.03
270.988
270.947
270.906
270.863
270.822
270.781
270.738
270.697
270.655
270.614
270.571
270.53
270.489
270.446
270.405
270.363
270.322
270.281
270.238
270.198
270.155
270.113
270.072
270.03
269.988
269.947
269.905
269.864
269.823
257.149
256.634
247.758
239.167
238.426
231.714
228.395
225.077
221.758
218.44
215.12
211.802
208.483
205.165
201.846
198.527
195.209
191.89
188.571
185.253
181.934
178.615
175.296
171.978
168.66
165.34
162.022
158.704
155.385
152.066
148.748
145.429
142.11
138.792
135.473
132.154
128.835
125.516
122.198
118.88
115.561
112.242
108.923
105.605
102.286
98.9675
95.6489
92.3301
89.0116
85.6925
82.3743
79.0556
75.737
72.4183
69.1
65.781
62.4623
59.1439
55.8251
52.5062
49.188
45.8691
42.5504
39.2318
35.9131
32.5943
29.2757
25.9571
22.6385
47.6774
45.4215
61.9359
77.8113
76.059
87.718
91.7563
95.7943
99.8328
103.871
107.909
111.947
115.986
120.024
124.062
128.1
132.138
136.177
140.215
144.253
148.291
152.33
156.368
160.406
164.444
168.483
172.521
176.559
180.598
184.636
188.673
192.712
196.751
200.789
204.827
208.865
212.904
216.941
220.98
225.018
229.057
233.095
237.133
241.171
245.209
249.247
253.286
257.324
261.362
265.4
269.439
273.477
277.516
281.554
285.592
289.63
293.669
297.707
301.745
305.784
309.822
313.86
317.898
321.936
325.975
330.013
334.052
338.089
342.128
346.166
350.204
354.243
358.279
362.319
366.357
370.395
374.434
378.472
350.095
352.918
334.285
316.385
318.632
305.55
301.179
296.808
292.436
288.065
283.694
279.323
274.951
270.58
266.209
261.838
257.467
253.096
248.724
244.353
239.982
235.611
231.239
226.868
222.497
218.125
213.755
209.384
205.012
200.642
196.27
191.899
187.528
183.156
178.786
192.049
188.338
196.301
203.866
200.469
205.412
205.616
205.82
206.024
206.228
206.432
206.635
206.839
207.043
207.247
207.45
207.655
207.859
208.062
208.267
208.469
208.674
208.879
209.082
209.285
209.49
209.694
209.898
210.102
210.305
210.509
210.713
210.917
211.121
211.324
211.529
211.732
211.936
212.14
212.344
212.548
212.752
212.956
213.16
213.363
213.568
213.771
213.975
214.179
214.383
214.587
214.791
214.993
215.198
215.401
215.606
215.81
216.014
216.218
216.421
216.625
216.829
217.033
217.236
217.44
217.645
217.848
218.053
218.257
218.46
218.664
218.868
219.071
219.276
219.479
219.683
219.887
220.091
220.294
220.499
220.703
220.907
221.11
221.314
221.518
221.721
221.926
222.13
222.333
222.537
222.741
222.945
223.149
223.353
223.557
223.761
223.964
224.169
224.372
224.576
224.78
224.984
225.188
227.45
227.731
229.374
230.971
231.289
232.58
233.317
234.055
234.794
235.531
236.269
237.007
237.744
238.482
239.22
239.958
240.696
241.434
242.171
242.909
243.647
244.385
245.123
245.86
246.598
247.336
248.074
248.812
249.55
250.287
251.025
251.763
252.501
253.239
253.976
254.715
255.452
256.191
256.928
257.666
258.403
259.141
259.879
260.617
261.355
262.093
262.831
263.568
264.306
265.044
265.782
266.52
267.257
267.996
268.733
269.471
270.209
270.947
271.684
272.422
273.159
273.898
274.636
275.373
276.111
276.849
277.587
278.324
279.062
279.8
280.538
281.276
282.013
282.752
283.49
284.228
284.965
285.703
286.441
287.179
287.917
288.655
289.392
290.13
290.868
291.605
292.343
293.081
293.819
294.557
295.296
296.033
296.771
297.508
298.246
298.984
299.722
300.46
301.197
301.935
302.674
303.411
304.148
295.957
296.359
290.853
285.547
285.79
281.811
280.233
278.655
277.076
275.497
273.917
272.339
270.759
269.181
267.602
266.023
264.444
262.865
261.287
259.708
258.129
256.55
254.971
253.393
251.813
250.235
248.656
247.077
245.498
243.919
242.34
240.761
239.183
237.604
236.025
234.446
232.867
231.289
229.709
228.131
226.552
224.973
223.394
221.815
220.236
218.657
217.078
215.499
213.921
212.342
210.763
209.184
207.605
206.027
204.448
202.869
201.29
210.18
208.993
214.737
220.244
219.243
223.193
224.331
225.469
226.606
227.743
228.88
230.017
231.155
232.292
233.428
234.566
235.703
236.84
237.978
239.115
240.252
241.389
242.527
243.664
244.801
245.938
247.075
248.213
249.35
250.486
251.624
252.761
253.898
255.035
256.173
257.309
258.447
259.584
260.721
261.859
262.996
264.133
265.27
266.408
267.545
268.682
269.819
270.956
272.094
273.23
274.368
266.775
267.585
262.618
257.844
258.5
255.027
253.9
252.771
251.644
250.517
249.389
248.261
247.134
246.006
244.879
243.751
242.623
241.496
240.368
239.241
238.113
236.985
235.858
234.73
233.602
232.474
231.348
230.22
229.092
227.965
226.837
225.709
224.582
223.454
222.326
221.198
220.071
218.944
217.816
216.688
215.561
214.433
213.306
212.178
211.05
209.922
208.795
207.667
206.54
205.412
204.285
203.157
202.03
200.902
199.774
198.647
197.519
196.391
195.264
194.136
193.008
191.881
190.754
189.626
188.498
187.371
186.244
185.116
183.988
182.86
181.733
180.605
179.477
178.35
177.222
176.095
174.967
173.84
172.711
171.584
170.456
169.329
168.202
167.074
165.946
164.819
163.691
162.564
161.436
160.308
159.181
158.053
156.925
155.797
162.575
161.743
166.144
170.366
169.675
172.722
173.646
174.569
175.491
176.414
177.338
178.261
179.183
180.106
181.029
181.952
182.876
183.798
184.722
185.645
186.568
187.491
188.414
189.337
190.26
191.183
192.106
193.029
193.952
194.875
195.799
196.721
197.644
198.567
199.49
200.413
201.336
202.259
203.183
204.105
205.029
205.952
206.875
207.798
208.72
209.643
210.566
211.49
212.413
213.335
214.259
215.182
214.064
214.91
214.405
213.946
214.756
214.601
214.995
215.389
215.782
216.175
216.568
216.962
217.355
217.749
218.142
218.537
218.93
219.322
219.716
220.11
220.503
220.896
221.289
221.683
222.077
222.47
222.863
223.257
223.651
224.044
224.437
224.831
225.224
225.618
226.011
226.404
226.798
227.192
227.584
227.978
228.372
228.765
229.158
229.552
229.945
230.339
230.732
231.125
231.519
231.912
232.306
232.699
233.093
233.486
233.879
234.272
234.667
235.059
235.452
235.847
236.24
230.146
230.297
226.154
222.157
222.191
219.159
217.869
216.58
215.291
214.002
212.712
211.423
210.134
208.844
207.555
206.265
204.975
203.687
202.397
201.107
199.818
198.529
197.239
195.95
194.661
193.371
192.082
190.793
189.504
188.214
186.924
185.634
184.346
183.056
181.767
180.477
179.188
177.898
185.26
184.294
189.055
193.621
192.809
196.088
197.044
197.999
198.953
199.908
200.863
201.818
202.773
203.727
204.682
205.637
206.592
207.547
208.502
209.456
210.411
211.367
212.321
213.276
214.231
215.186
216.14
217.096
218.05
219.004
219.96
220.914
221.87
222.824
223.779
224.734
225.689
226.644
227.598
228.553
229.508
230.463
231.418
232.373
233.327
234.283
235.237
236.191
237.147
238.102
239.055
240.011
240.966
241.92
242.875
243.83
244.786
245.74
246.695
247.65
248.605
249.559
250.515
251.47
252.424
253.379
254.334
255.289
256.243
257.198
258.153
259.108
260.062
261.018
261.973
262.928
263.883
264.837
265.791
266.747
267.701
268.656
269.611
270.566
271.521
272.476
273.43
274.385
275.34
276.295
277.25
278.205
279.159
280.114
281.069
282.023
282.978
283.934
284.889
285.843
286.797
287.753
288.708
289.663
290.617
291.572
292.527
293.482
294.438
295.391
296.346
297.302
298.256
299.211
300.166
301.12
302.075
303.031
303.986
304.94
305.895
306.85
307.805
308.759
309.714
310.669
311.623
312.578
313.533
314.489
315.443
316.399
317.354
316.638
317.531
317.318
317.143
318.005
318.078
318.6
319.121
319.644
320.165
320.687
321.208
321.731
322.252
322.773
323.295
323.817
324.339
324.861
325.382
325.904
326.425
326.946
327.469
327.991
328.512
329.034
329.556
330.077
330.599
331.12
331.642
332.165
332.686
333.207
333.73
334.252
334.773
335.294
335.816
336.338
336.86
337.382
337.902
338.425
338.947
339.468
339.99
340.512
341.034
341.554
342.078
342.598
343.12
343.642
344.164
344.685
345.207
345.73
346.25
346.772
347.295
347.815
348.337
348.859
349.381
349.902
350.425
350.946
331.882
331.669
318.492
305.756
305.195
295.372
290.813
286.252
281.693
277.133
272.573
268.014
263.453
258.893
254.335
249.775
245.215
240.655
236.095
231.535
226.975
222.415
217.857
213.296
208.737
204.177
199.617
195.057
190.497
185.938
181.378
176.819
172.259
167.699
163.139
158.58
154.019
149.46
144.9
140.34
135.78
131.221
126.661
122.101
117.542
112.982
108.422
103.862
99.3024
94.7422
105.54
101.555
107.736
113.57
109.859
113.41
112.835
112.259
111.683
111.107
110.532
109.956
109.38
108.804
108.229
107.653
107.077
106.501
105.926
105.35
104.774
104.199
103.623
103.047
102.471
101.896
101.32
100.744
100.168
99.5927
99.0169
98.4414
97.8656
104.168
103.85
108.084
112.164
111.968
115.025
116.234
117.443
118.651
119.86
121.068
122.277
123.486
124.694
125.903
127.112
128.32
129.528
130.737
131.946
133.154
134.363
135.572
136.781
137.989
139.198
140.406
141.615
142.824
144.033
145.241
146.45
147.658
148.867
150.076
151.284
152.493
153.701
154.91
156.119
157.328
158.536
159.745
160.953
162.162
163.37
164.579
165.788
166.996
168.205
169.414
170.622
171.831
173.04
174.248
175.457
176.665
177.874
179.083
180.291
181.5
182.709
183.917
185.126
186.334
187.543
188.752
189.96
191.169
192.378
193.587
194.795
196.003
197.213
198.421
199.63
200.838
202.046
203.255
204.464
205.672
206.881
208.089
209.299
210.508
211.716
212.924
214.133
215.341
216.551
217.759
218.968
220.176
221.385
222.593
223.802
225.01
226.219
227.428
228.636
229.846
231.054
232.263
233.471
234.68
235.888
237.097
238.305
239.514
240.723
241.931
243.14
244.349
245.558
246.767
244.618
245.701
244.562
243.498
244.522
243.957
244.295
244.633
244.971
245.309
245.647
245.985
246.322
246.661
246.999
247.336
247.673
248.012
248.35
248.687
249.025
249.363
249.7
250.039
250.376
250.714
251.052
251.39
251.728
252.065
252.403
252.741
253.079
253.416
253.754
254.092
254.43
254.769
255.106
255.444
255.781
256.119
256.457
256.795
257.133
257.471
257.808
258.146
258.484
258.822
259.16
259.498
259.835
260.173
260.511
260.849
261.187
261.524
261.862
262.2
262.537
262.875
263.214
263.551
263.89
264.227
264.564
264.903
265.241
265.579
265.916
266.253
266.592
266.929
257.043
256.996
250.183
243.6
243.372
238.31
235.995
233.68
231.365
229.05
226.735
224.421
222.106
219.791
217.476
215.161
212.846
210.531
208.216
205.9
203.586
201.27
198.956
196.641
194.326
192.011
189.696
187.381
185.066
182.752
180.436
178.121
175.807
173.491
171.177
168.862
166.547
164.232
161.917
159.602
157.287
154.972
152.657
150.342
148.027
145.712
143.397
141.082
138.767
136.452
134.137
131.823
129.508
127.192
124.878
122.563
120.248
117.933
115.618
113.303
110.988
108.673
106.358
104.043
101.728
99.4134
97.0986
94.7835
92.4687
90.1534
87.8382
85.5238
83.2086
83.1922
80.9633
80.2557
79.4968
77.3087
76.2075
74.4889
72.7702
71.0519
69.3331
67.6144
65.8956
64.177
62.4586
60.74
59.0212
57.3026
55.5837
53.8652
52.1466
50.4278
48.7093
46.9906
45.2721
43.5532
41.8346
40.116
38.3972
36.6786
34.96
33.2414
31.5225
45.481
44.3499
53.5957
62.4882
61.6356
68.197
70.5454
72.8939
75.2425
77.5912
79.9397
82.2879
84.6365
86.9851
89.3333
91.682
94.0306
96.3791
98.7275
101.076
103.424
105.773
108.121
110.47
112.818
115.167
117.515
119.864
122.212
124.561
126.909
129.258
131.607
133.955
136.303
138.652
141.0
143.349
145.697
148.046
150.395
152.743
155.091
157.439
159.789
162.137
164.485
166.834
169.182
171.531
173.879
176.228
178.576
180.924
183.273
185.622
187.97
190.319
192.667
195.015
197.364
199.713
202.06
204.41
206.758
209.107
211.456
213.804
216.152
218.501
220.849
223.198
225.547
227.895
230.243
232.592
234.94
237.288
239.637
241.986
244.334
246.683
249.031
251.38
253.727
256.076
258.425
260.774
263.122
265.471
267.819
270.168
272.516
274.865
277.214
279.562
281.91
284.258
286.607
288.957
291.304
293.652
296.001
298.35
300.698
303.047
305.396
307.743
310.092
293.378
295.012
284.028
273.473
274.769
267.048
264.452
261.855
259.258
256.66
254.063
251.466
248.869
246.272
243.675
241.078
238.482
235.884
233.286
230.69
228.093
225.496
222.898
220.301
217.704
215.108
212.51
209.912
207.316
204.719
202.122
199.524
196.927
194.33
191.733
189.137
186.539
183.942
181.345
178.748
176.151
173.554
170.957
168.36
165.763
163.165
160.568
157.971
155.374
152.777
150.18
147.583
144.986
142.389
139.792
137.195
134.598
132.001
129.404
126.806
124.209
121.612
119.015
116.417
113.821
111.224
108.627
106.03
103.432
100.835
98.2387
95.6413
103.111
100.892
105.335
109.553
107.512
110.232
110.246
110.261
110.276
110.291
110.306
110.32
110.335
110.349
110.364
110.379
110.394
110.408
110.423
110.438
110.452
110.467
110.482
110.496
110.511
110.526
110.541
110.555
110.57
110.585
110.599
110.614
110.629
110.644
110.658
110.673
110.688
110.702
110.717
110.732
110.746
110.761
110.776
110.791
110.805
110.82
110.835
110.849
110.864
110.879
110.893
110.908
110.923
110.938
110.952
110.967
110.982
110.996
111.011
111.025
111.041
111.055
111.07
111.084
111.099
111.114
111.129
111.144
123.171
123.637
132.054
140.199
140.878
147.238
150.369
153.5
156.632
159.763
162.895
166.026
169.157
172.289
175.421
178.552
181.684
184.815
187.946
191.077
194.208
197.34
200.472
203.603
206.735
209.866
212.997
216.129
219.261
222.392
225.523
228.654
231.786
234.917
238.049
241.18
244.311
247.443
239.671
242.393
237.9
233.651
236.18
233.553
233.856
234.159
234.461
234.764
235.067
235.369
235.672
235.975
236.278
236.58
236.883
237.186
237.488
237.791
238.094
238.397
238.7
239.002
239.305
239.608
239.91
240.213
240.516
240.818
241.121
241.424
241.726
242.03
242.332
242.635
242.938
243.241
243.543
243.846
244.149
244.451
244.754
245.057
245.36
245.662
245.965
246.268
246.57
246.874
247.176
247.479
247.782
248.084
248.387
248.689
248.993
249.296
249.598
249.901
250.203
250.506
250.808
251.112
251.414
251.717
252.02
252.322
252.626
252.928
253.232
253.534
253.836
254.139
254.442
254.744
255.047
255.349
255.652
255.955
256.259
256.561
256.864
257.166
257.47
257.772
258.075
258.377
258.679
258.983
259.285
259.588
259.891
260.194
260.497
260.799
261.102
261.405
261.707
262.01
262.312
262.615
262.918
263.221
263.524
263.827
264.129
264.431
264.735
255.681
255.633
249.39
243.359
243.146
238.506
236.38
234.256
232.131
230.006
227.881
225.757
223.632
221.507
219.382
217.258
215.132
213.007
210.883
208.757
206.632
204.507
202.382
200.258
198.133
196.008
193.883
191.759
189.633
187.509
185.384
183.259
181.134
179.009
176.884
174.759
172.635
170.509
168.384
166.26
164.135
162.01
159.885
157.76
155.635
153.51
151.386
149.261
147.136
145.01
142.886
140.761
138.636
136.511
134.386
132.262
130.136
128.012
125.887
123.762
121.637
119.512
117.387
115.263
113.137
111.012
108.887
106.762
104.638
102.513
100.388
98.2631
103.148
101.286
104.062
106.682
104.944
106.522
106.215
105.909
105.603
105.296
104.99
104.683
104.376
104.07
103.764
103.457
103.151
102.844
102.538
102.232
101.925
101.619
101.312
101.006
100.699
100.393
100.087
99.7802
99.4737
99.1674
98.8611
98.5545
98.2479
97.9415
97.6349
97.3289
97.0224
96.7156
96.4097
96.1029
95.7964
95.4905
95.1835
94.8774
94.5709
94.2644
93.9579
93.6516
93.345
93.0391
92.7321
92.4256
92.1195
91.8129
91.5065
91.2001
90.8937
90.5872
90.2807
89.974
89.6678
89.3614
105.435
105.743
116.893
127.674
128.272
136.617
140.56
144.503
148.447
152.39
156.333
160.276
164.219
168.162
172.106
176.049
179.992
183.936
187.879
191.821
195.764
199.708
203.651
207.594
211.538
215.481
219.424
223.367
227.311
231.254
235.197
239.14
243.083
247.026
250.969
254.912
258.856
262.799
266.742
270.685
274.629
278.572
282.516
286.458
290.401
294.344
298.288
302.231
306.174
310.117
314.06
318.003
321.947
308.111
311.386
302.895
294.804
297.765
292.317
291.647
290.978
290.308
289.639
288.969
288.3
287.63
286.96
286.291
285.622
284.953
284.283
283.614
282.944
282.275
281.604
280.935
280.266
279.596
278.927
278.257
277.587
276.917
276.248
275.579
274.909
274.24
273.57
272.9
272.231
271.562
270.892
270.223
269.552
268.883
268.214
267.545
266.874
266.205
265.536
264.866
264.197
263.527
262.858
262.188
261.518
260.849
260.179
259.509
258.84
258.17
257.501
256.832
256.163
255.493
254.823
254.153
253.484
252.814
252.145
251.476
250.806
250.137
249.467
248.797
248.128
247.458
246.789
246.12
245.449
244.78
244.111
243.442
242.772
242.103
241.433
240.763
240.094
239.424
238.754
238.085
237.416
236.747
236.077
235.406
234.738
234.068
233.398
232.729
232.059
231.389
230.72
230.05
229.381
228.712
228.043
227.373
226.703
226.034
225.364
224.694
224.025
223.355
222.686
222.016
221.347
220.678
220.008
219.338
218.628
217.958
217.261
216.562
215.892
215.201
214.52
213.84
213.16
212.48
211.8
211.121
210.441
209.76
209.081
208.401
207.721
207.041
206.361
205.681
205.001
204.322
203.641
202.961
202.281
201.601
200.921
200.242
199.561
198.881
198.201
197.522
196.841
196.162
195.482
194.802
194.122
193.441
192.761
192.082
191.402
190.722
190.041
189.362
188.682
188.002
187.322
186.642
185.962
185.283
190.456
189.995
193.409
196.691
196.335
198.747
199.585
200.424
201.262
202.101
202.939
203.778
204.618
205.456
206.294
207.133
207.972
208.81
209.65
210.488
211.327
212.165
213.004
213.843
214.681
215.519
216.359
217.197
218.036
218.874
219.713
220.552
221.39
222.229
223.068
223.907
224.745
225.584
226.423
227.261
228.1
228.938
229.777
230.616
231.455
232.293
233.131
233.971
234.809
235.648
236.486
237.325
238.164
239.002
239.841
240.68
241.518
242.357
243.196
244.034
244.873
245.712
246.55
247.389
248.228
249.066
249.905
250.744
251.582
252.421
253.259
254.098
254.937
255.776
256.614
257.453
258.292
259.131
259.969
260.807
261.647
262.485
263.323
264.163
265.001
265.839
266.678
267.517
268.357
269.194
270.033
270.87
271.711
272.549
273.388
274.226
275.065
275.904
276.743
277.581
278.42
279.258
280.098
280.936
281.775
282.613
283.452
284.291
285.128
285.967
286.806
287.645
288.484
289.322
290.161
291.0
291.838
292.677
293.516
294.354
295.192
296.032
