113.946
115.148
116.35
117.552
118.753
119.955
121.156
122.358
123.56
124.762
125.964
127.165
128.367
129.569
130.771
131.972
133.174
134.376
135.578
136.78
137.981
139.183
140.385
141.587
142.788
143.99
145.192
146.394
147.596
148.798
149.999
151.201
152.403
153.604
154.806
156.008
157.21
158.412
159.613
160.815
162.017
163.219
164.42
165.622
166.824
168.026
169.228
170.429
171.631
172.833
174.034
175.236
176.438
177.64
178.841
180.043
181.245
182.446
183.648
184.85
186.052
187.254
188.456
189.658
190.86
192.061
193.263
194.464
195.666
196.868
198.07
199.271
200.473
201.675
202.877
204.079
205.281
206.483
207.685
208.886
210.088
211.289
212.491
213.693
214.895
216.096
217.298
218.5
219.701
220.904
222.105
223.307
224.509
225.711
226.912
228.114
229.316
230.517
231.72
232.921
234.123
235.325
236.527
237.729
225.625
226.328
218.225
210.422
210.888
205.063
202.813
200.564
198.314
196.063
193.814
191.564
189.314
187.064
184.814
182.565
180.315
178.065
175.815
173.565
171.315
169.065
166.815
164.566
162.316
160.066
157.816
155.566
153.316
151.066
148.816
146.566
144.317
142.067
139.817
137.567
135.317
133.068
130.818
128.567
126.318
124.068
121.818
119.568
117.318
115.068
112.818
110.569
108.319
106.069
103.819
101.569
99.3192
97.0694
94.8192
92.5691
90.3195
88.0695
85.8198
83.5701
81.3197
79.0701
76.8203
74.5702
72.3203
70.0705
67.8208
65.5709
63.3211
61.0712
58.8211
56.5714
63.8154
61.9213
66.3112
70.4873
68.7618
71.5263
71.7393
71.9522
72.1653
72.3786
72.5917
72.8049
73.0177
73.2308
73.444
73.6571
73.8704
74.0834
74.2965
74.5096
74.7226
74.9357
75.1489
75.3619
75.5752
75.7882
76.0013
76.2145
76.4275
76.6405
76.8537
77.0666
77.2798
77.4928
77.7062
77.9189
78.1323
78.3454
78.5584
78.7716
78.9846
79.1977
79.4109
79.6238
79.8371
80.0501
80.2631
80.4763
80.6895
80.9025
81.1159
81.3289
81.5417
81.7551
81.9681
82.1812
82.3946
82.6074
82.8205
83.0339
83.2467
100.389
101.236
113.289
124.961
126.109
135.263
139.869
144.473
149.078
153.684
158.288
162.893
167.498
172.103
176.709
181.313
185.918
190.523
195.129
199.733
204.339
208.943
213.548
218.153
222.758
227.364
231.969
236.574
241.179
245.784
250.389
254.994
259.599
264.204
268.809
273.414
278.019
282.624
266.622
270.455
260.649
251.305
254.772
248.493
247.752
247.011
246.27
245.528
244.788
244.047
243.306
242.565
241.824
241.083
240.342
239.601
238.86
238.119
237.378
236.636
235.895
235.155
234.413
233.673
232.931
232.19
231.449
230.709
229.967
229.226
228.486
227.744
227.003
226.262
225.521
224.78
224.039
223.298
222.557
221.816
221.075
220.334
219.593
218.852
218.11
217.37
216.629
215.887
215.146
214.406
213.665
212.924
212.183
211.441
210.701
209.96
209.218
208.477
207.736
206.996
206.255
205.513
204.772
204.031
203.29
202.549
201.808
201.068
200.326
199.586
198.844
198.103
197.362
196.621
195.88
195.139
194.398
193.657
192.916
192.174
191.434
190.693
189.951
189.211
188.47
187.728
186.988
186.247
185.506
184.764
184.023
183.282
182.541
181.8
181.059
180.318
179.577
178.836
178.095
177.354
176.613
175.872
175.131
174.39
173.649
172.908
172.167
171.426
170.685
169.944
175.261
174.747
178.243
181.603
181.197
183.655
184.486
185.317
186.148
186.978
187.809
188.64
189.47
190.301
191.132
191.963
192.793
193.624
194.455
195.286
196.117
196.947
197.778
198.608
199.439
200.27
201.101
201.932
202.762
203.593
204.424
205.254
206.085
206.916
207.747
208.577
209.408
210.238
211.069
211.9
212.731
213.562
214.392
215.223
216.053
216.884
217.715
218.546
219.376
220.208
221.038
221.868
222.699
223.531
224.361
225.191
226.023
226.853
227.684
228.514
229.346
230.177
231.008
231.837
232.668
233.498
234.33
235.16
235.992
236.822
237.652
238.484
239.314
240.145
240.976
241.806
242.637
243.469
244.298
245.129
245.96
246.791
247.621
248.452
249.282
250.114
250.944
251.775
252.606
253.437
254.267
255.098
255.929
256.76
257.59
258.421
259.251
260.082
260.912
261.744
262.574
263.406
264.236
265.066
265.897
266.728
267.558
268.39
269.22
270.051
270.882
271.712
272.544
273.374
274.204
275.035
275.865
276.697
277.528
278.358
279.189
280.02
280.85
281.681
282.512
283.342
284.173
285.004
285.835
286.666
282.005
282.63
279.621
276.735
277.263
275.194
274.599
274.007
273.413
272.819
272.225
271.632
271.037
270.444
269.85
269.257
268.663
268.07
267.475
266.882
266.287
265.694
265.1
264.507
263.913
263.32
262.726
262.132
261.538
260.945
260.352
259.758
259.163
258.569
257.975
257.383
256.789
256.195
255.601
255.007
254.413
253.82
253.226
252.632
252.039
251.445
250.852
250.257
249.664
249.07
248.476
247.883
247.289
246.695
246.102
245.507
244.914
244.321
243.726
243.134
242.539
241.947
241.351
240.758
240.164
239.571
238.977
238.383
237.789
237.196
236.602
236.009
235.414
234.82
234.227
233.633
233.04
232.446
231.852
231.259
230.665
230.072
229.478
228.883
228.29
227.696
227.103
226.509
225.916
225.321
224.727
224.134
223.541
222.946
222.353
221.76
221.165
220.572
219.978
219.384
218.79
218.196
217.603
217.009
216.415
215.822
215.228
214.634
214.041
213.446
212.853
212.259
211.666
211.072
210.478
209.885
209.291
208.697
208.103
207.51
206.916
206.322
205.729
205.135
204.542
203.947
203.354
202.76
202.166
201.573
200.979
200.385
199.791
199.198
198.604
198.01
197.416
196.822
196.229
195.636
195.042
194.448
193.854
193.261
192.668
192.073
191.479
190.886
190.292
189.698
189.105
188.511
187.917
187.323
186.73
186.136
185.542
184.948
184.355
183.761
189.059
188.686
192.213
195.606
195.339
197.857
198.791
199.726
200.66
201.595
202.53
203.465
204.399
205.335
206.269
207.204
208.139
209.074
210.008
210.943
211.877
212.812
213.747
214.682
215.616
216.551
217.486
218.421
219.355
220.29
221.224
222.16
223.095
224.029
224.964
225.898
226.833
227.767
228.702
229.637
230.571
231.507
232.441
233.376
234.311
235.245
236.18
237.115
238.05
238.985
239.919
240.854
241.789
242.724
243.659
244.593
245.528
246.463
247.397
248.332
249.267
250.202
251.136
252.071
253.005
253.94
254.875
255.81
256.745
257.679
258.614
259.549
260.484
261.418
262.353
263.288
264.222
265.157
266.092
267.027
267.962
268.896
269.831
270.766
271.7
272.635
273.569
274.504
275.439
276.374
277.309
278.243
279.178
280.112
281.047
281.983
282.917
283.852
284.786
285.721
286.656
287.591
288.525
289.46
290.395
291.33
292.264
293.199
294.133
295.068
296.003
296.938
297.873
298.808
299.743
300.677
301.612
302.547
303.481
304.415
305.351
306.285
307.22
308.155
309.089
310.025
310.959
311.894
312.829
313.763
314.698
315.633
316.567
317.502
318.437
319.372
320.305
321.241
315.489
316.173
312.432
308.841
309.406
306.808
306.009
305.21
304.409
303.61
302.809
302.009
301.211
300.41
299.611
298.81
298.009
297.209
296.409
295.61
294.811
294.01
293.21
292.41
291.61
290.811
290.01
289.211
288.41
287.61
286.811
286.011
285.21
284.41
283.61
282.811
282.011
281.211
280.41
279.611
278.811
278.011
277.21
276.41
275.611
270.89
269.944
266.4
262.946
261.93
259.059
257.242
255.425
253.608
251.791
249.973
248.156
246.339
244.522
242.705
240.887
239.07
237.253
235.435
233.619
231.802
229.984
228.167
226.35
224.533
222.715
220.898
219.081
217.263
215.447
213.629
211.812
209.994
208.177
206.36
204.543
202.726
200.908
199.091
197.274
195.457
193.64
191.822
190.005
188.188
186.371
184.553
182.736
180.919
179.102
177.285
175.467
173.65
171.833
170.016
168.199
166.381
164.564
162.747
160.93
159.113
157.295
155.479
153.661
151.844
150.027
148.21
146.392
144.575
142.758
140.941
139.123
137.306
135.489
133.672
131.854
130.037
128.22
126.403
124.586
122.768
120.951
119.134
117.317
115.5
113.682
111.865
110.048
108.231
106.414
104.596
102.779
100.962
99.1448
97.3272
95.5103
93.693
91.876
90.0584
88.2416
86.4239
84.6073
82.7899
80.9724
88.8001
87.3442
92.2721
96.9832
95.6986
98.9752
99.66
100.345
101.03
101.715
102.399
103.085
103.769
104.455
105.139
105.824
106.509
107.194
107.879
108.564
109.249
109.933
110.618
111.303
111.988
112.673
113.358
114.043
114.728
115.413
116.097
116.782
117.467
118.152
118.837
119.522
120.207
120.892
121.577
122.261
122.947
123.631
124.316
125.001
125.686
126.371
127.056
127.741
128.426
129.11
129.796
130.48
131.165
131.85
132.535
133.22
133.905
134.59
135.275
135.96
136.645
137.329
138.014
138.699
139.384
140.069
140.754
141.439
142.123
142.809
143.494
144.178
144.863
138.84
139.273
135.266
131.41
131.725
128.866
127.811
126.756
125.7
124.644
123.589
122.533
121.478
120.422
119.367
118.311
117.256
116.2
115.145
114.09
113.034
111.978
110.923
109.868
108.812
107.756
106.701
105.645
104.59
103.535
102.479
101.423
100.368
99.3126
98.257
97.2016
96.146
95.0905
94.035
92.9797
91.9241
90.8683
89.813
88.7574
87.7018
86.6465
85.5911
84.5357
83.4798
82.4245
81.3689
80.3137
79.258
78.2025
94.5007
94.0955
105.177
115.868
115.771
123.881
127.327
130.774
134.221
137.667
141.114
144.56
148.007
151.454
154.901
158.347
161.794
165.24
168.687
172.133
175.58
179.027
182.473
185.92
189.367
192.814
196.26
199.707
203.153
206.6
210.047
213.493
216.94
220.387
223.833
227.279
230.726
234.173
237.619
241.066
244.513
247.96
251.406
254.853
258.299
261.746
265.192
254.16
257.064
250.384
244.03
246.678
242.477
242.166
241.857
241.548
241.238
240.928
240.618
240.309
239.998
239.69
239.379
239.07
238.76
238.451
238.14
237.831
237.521
237.212
236.902
236.592
236.282
235.972
235.663
235.353
235.043
234.734
234.423
234.114
233.805
233.495
233.185
232.876
232.566
232.256
231.946
231.636
231.326
231.017
230.707
230.397
230.087
229.778
229.469
229.158
228.849
228.539
228.23
227.92
227.61
227.3
226.99
226.681
226.371
226.062
225.752
225.442
225.132
224.823
224.513
224.204
223.893
223.583
223.274
222.964
222.655
222.345
222.035
221.726
221.416
221.106
220.796
220.487
220.176
219.867
219.557
219.248
218.938
218.628
218.319
218.008
217.699
217.389
217.08
216.77
216.46
216.151
215.841
215.531
215.222
214.911
214.602
214.292
213.982
213.673
213.363
213.053
212.743
212.433
212.124
211.814
211.505
211.195
210.885
210.576
210.266
209.956
209.646
209.336
208.946
208.633
208.267
207.902
207.587
207.235
206.904
206.573
206.243
205.912
205.581
205.25
204.92
204.589
204.258
203.927
203.596
203.265
202.934
202.604
202.273
201.942
201.611
201.28
200.95
200.618
200.288
199.957
199.627
199.295
198.964
198.634
198.303
197.972
197.642
197.31
196.98
196.649
196.318
195.987
195.657
195.326
194.995
194.664
194.333
194.002
193.672
193.341
193.01
192.679
192.349
192.018
191.687
191.356
191.025
190.695
190.364
190.033
189.702
189.371
189.04
188.709
188.379
188.048
187.717
187.386
187.056
186.725
186.394
186.063
185.732
185.401
185.07
184.74
184.409
184.079
183.748
183.417
183.086
182.755
182.424
182.093
181.763
181.432
181.101
180.77
180.439
180.109
179.777
179.447
179.116
178.785
178.454
178.123
177.792
177.462
177.131
176.8
176.47
176.138
175.808
175.477
175.146
174.815
174.485
174.153
173.823
173.492
173.161
172.831
172.5
172.169
171.838
171.507
171.177
170.846
170.515
170.184
169.853
169.523
169.192
168.861
168.53
168.199
167.868
167.538
167.207
166.876
166.545
166.215
165.884
165.553
165.222
162.032
161.594
159.263
156.996
156.508
154.667
153.594
152.521
151.449
150.376
149.303
148.231
147.158
146.085
145.013
143.94
142.867
141.795
140.722
139.65
138.577
137.504
136.431
135.359
134.286
133.213
132.141
131.068
129.995
128.923
127.85
126.777
125.705
124.632
123.559
122.486
121.414
120.341
119.269
118.196
117.123
116.051
114.977
113.905
112.833
111.76
110.687
109.614
108.542
107.469
106.397
105.324
104.251
103.179
102.106
101.198
100.132
99.1749
98.2142
97.151
96.1652
95.1354
94.1055
93.0755
92.0457
91.0161
89.9863
88.9563
87.9267
86.897
85.8672
84.8376
83.8075
82.7779
81.7478
80.7183
79.6883
78.6586
77.629
76.5992
75.5694
74.5395
73.5096
72.4798
71.4501
70.4202
69.3905
68.3607
67.3309
66.3012
65.2714
64.2417
63.2118
62.1821
61.1524
60.1225
59.0927
58.0625
57.0331
56.0031
54.9735
53.9435
52.914
51.8841
50.8544
49.8246
48.7947
47.7651
46.7351
45.7053
44.6754
43.6457
42.6159
41.5863
40.5564
39.5265
38.4967
37.467
36.4372
35.4074
34.3777
33.3478
56.3112
56.1807
71.9314
87.1417
87.4373
99.0798
104.275
109.47
114.664
119.859
125.054
130.249
135.444
140.638
145.834
151.028
156.223
161.418
166.613
171.807
177.002
182.197
187.392
192.587
197.782
202.976
208.172
213.366
218.561
223.756
228.951
234.146
239.341
244.535
249.73
254.925
260.12
265.315
270.51
275.704
280.899
251.479
255.377
236.361
218.127
221.41
208.321
204.535
200.751
196.965
193.18
189.394
185.608
181.824
178.038
174.252
170.467
166.681
162.896
159.11
155.325
151.539
147.753
143.968
140.182
136.397
132.611
128.826
125.041
121.255
117.469
113.683
109.899
106.113
102.327
98.542
94.7564
90.9708
87.1854
83.3995
79.6141
75.829
72.0434
68.258
64.4723
60.6869
56.9012
53.1158
49.3302
45.5452
41.7592
37.974
34.1883
30.4028
26.6172
22.8317
19.0462
43.2842
40.5487
56.3625
71.545
69.3072
80.3227
83.8073
87.292
90.7767
94.2611
97.7461
101.231
104.715
108.2
111.685
115.169
118.654
122.139
125.623
129.108
132.593
136.077
139.562
143.047
146.531
150.016
153.501
156.985
160.47
163.954
167.439
170.924
174.408
177.893
181.378
184.862
188.347
191.832
195.316
198.801
202.286
205.77
209.255
212.74
216.224
219.709
223.194
226.678
230.163
233.648
237.132
240.617
244.102
247.586
251.071
254.556
258.04
261.525
265.009
268.494
271.979
275.464
278.949
282.433
285.918
289.402
277.87
280.792
273.773
267.094
269.749
265.302
264.891
264.48
264.068
263.657
263.246
262.834
262.424
262.011
261.601
261.189
260.778
260.367
259.955
259.544
259.133
258.721
258.311
257.898
257.489
257.077
256.666
256.254
255.843
255.432
255.02
254.609
254.198
253.787
253.375
252.964
252.553
252.141
251.73
251.319
250.907
250.496
250.085
249.675
249.263
248.851
248.441
248.028
247.617
247.206
246.795
246.384
245.973
245.562
245.15
244.739
244.328
243.916
243.505
243.093
242.682
242.272
241.86
241.448
241.038
240.626
240.214
239.803
239.392
238.981
238.569
238.158
237.748
237.337
236.925
236.513
236.102
235.691
235.28
234.868
234.457
234.045
233.635
233.223
232.812
232.4
231.989
231.578
231.167
230.755
230.344
229.933
229.522
229.11
228.699
228.288
227.876
227.465
227.054
226.643
226.231
225.82
225.409
224.997
224.586
224.175
223.763
223.354
222.941
222.53
222.118
221.708
221.296
220.885
220.474
220.063
219.651
219.241
218.829
218.418
218.006
217.595
217.184
216.772
207.075
206.316
199.41
192.713
191.79
186.473
183.653
180.833
178.012
175.193
172.372
169.552
166.731
163.911
161.09
158.27
155.449
152.63
149.809
146.988
144.168
141.347
138.527
135.707
132.887
130.066
127.246
124.425
121.605
118.785
115.964
113.144
110.324
107.503
104.683
101.863
99.0423
96.2217
93.4013
106.126
103.888
111.94
119.642
117.68
123.07
124.282
125.495
126.707
127.92
129.133
130.345
131.557
132.77
133.983
135.195
136.407
137.62
138.833
140.045
141.258
142.47
143.683
144.895
146.108
147.321
148.533
149.746
150.958
152.171
153.383
154.596
155.808
157.021
158.233
159.446
160.658
161.871
163.083
164.296
165.509
166.721
167.934
169.146
170.359
171.571
172.783
173.996
175.208
176.421
177.633
178.847
180.059
181.271
182.484
183.697
184.909
186.121
187.334
188.547
189.759
190.972
192.184
193.396
194.61
195.822
197.034
198.247
199.459
200.672
201.884
203.097
204.309
205.522
206.734
207.948
209.16
210.372
211.585
212.797
214.01
215.222
216.435
217.648
218.86
220.073
221.285
222.498
223.71
224.923
226.135
227.348
228.561
229.773
230.985
232.198
233.41
234.622
235.836
237.048
238.26
239.473
240.685
241.898
243.11
244.323
245.536
246.748
247.961
249.173
250.386
251.598
252.811
254.023
255.237
256.448
257.661
258.873
260.086
261.298
262.511
263.724
264.936
266.148
267.362
268.574
269.786
266.235
267.27
265.15
263.139
264.088
262.785
262.762
262.738
262.716
262.692
262.669
262.645
262.623
262.599
262.576
262.553
262.53
262.505
262.483
262.46
262.437
262.413
262.39
262.367
262.344
262.32
262.298
262.274
262.25
262.228
262.204
262.181
262.157
262.133
262.11
262.088
262.064
262.041
262.018
261.994
261.972
261.948
261.925
258.32
258.163
255.635
253.188
252.966
251.051
250.1
249.147
248.195
247.242
246.291
245.337
244.386
243.434
242.48
241.528
240.576
239.624
238.672
237.719
236.767
235.815
234.863
233.91
232.958
232.005
231.052
230.101
229.149
228.196
227.244
226.291
225.338
224.387
223.434
222.482
221.53
220.577
219.625
218.672
217.72
216.768
215.816
214.863
213.911
212.959
212.006
211.053
210.102
209.149
208.197
207.244
206.292
205.34
204.388
203.436
202.482
201.531
200.578
199.626
198.673
197.722
196.769
195.817
194.865
193.912
192.96
192.007
191.055
190.103
189.15
188.198
187.245
186.293
185.341
184.389
183.437
182.484
181.532
180.579
179.628
178.675
177.723
176.77
175.818
174.866
173.914
172.96
172.009
171.055
170.104
169.151
168.199
167.246
166.294
165.342
164.39
163.437
162.485
161.533
160.581
159.628
158.676
157.724
156.771
158.819
157.98
159.125
160.204
159.417
160.05
159.876
159.702
159.528
159.354
159.18
159.007
158.832
158.659
158.485
158.311
158.137
157.963
157.79
157.616
157.442
157.268
157.094
156.92
156.746
156.572
156.398
156.224
156.05
155.876
155.703
155.528
155.354
155.181
155.007
154.833
154.659
154.485
154.311
154.137
153.964
153.79
153.615
153.442
153.268
153.094
152.92
152.747
152.572
152.398
152.225
152.051
151.876
151.703
151.529
151.355
151.181
151.007
150.833
150.659
150.486
150.311
150.137
149.964
149.79
149.616
149.442
149.268
149.094
148.92
148.746
148.573
148.399
148.225
148.051
147.877
147.703
147.529
147.355
147.181
147.007
146.834
146.659
146.485
146.312
146.138
145.964
145.79
145.616
145.442
145.268
145.095
144.92
144.746
144.572
144.399
144.225
144.051
143.877
143.703
143.529
143.356
143.182
143.007
142.834
142.66
142.486
142.312
142.138
141.964
141.79
141.616
141.442
141.269
141.094
140.921
140.747
140.572
140.399
140.225
140.051
139.877
139.703
139.53
139.355
139.181
139.007
138.834
138.66
138.486
138.312
138.138
137.964
137.791
137.616
137.443
137.269
137.095
139.743
139.675
141.475
143.211
143.193
144.51
145.068
145.626
146.184
146.743
147.301
147.859
148.417
148.976
149.534
150.092
150.651
151.208
151.767
152.325
152.884
153.442
154.0
154.558
155.117
155.675
156.233
156.791
157.35
157.908
158.466
159.024
159.582
160.141
160.699
161.257
161.815
162.374
162.932
163.49
164.048
164.607
165.165
165.723
166.281
166.84
167.398
167.956
168.515
169.073
169.631
170.189
170.747
171.305
171.864
172.423
172.98
173.539
174.097
174.655
175.214
175.771
176.33
176.888
177.446
178.004
178.563
179.121
179.68
180.238
180.796
181.354
181.913
182.471
183.029
183.587
184.145
184.704
185.262
185.82
186.378
186.937
187.495
188.054
188.611
189.17
189.728
190.287
190.845
191.403
191.961
192.519
193.077
193.636
194.194
194.752
195.311
195.869
196.427
196.985
197.544
198.102
198.66
199.218
199.777
200.335
200.893
201.451
202.01
202.567
203.127
203.685
204.243
204.801
205.359
205.918
206.475
207.034
207.592
208.151
208.708
209.267
209.824
210.384
210.942
211.5
212.058
212.617
213.174
213.733
214.291
214.85
215.408
215.966
216.524
217.082
217.641
218.198
218.757
219.316
219.874
220.432
220.99
221.549
222.106
222.665
223.224
223.781
224.34
224.898
225.456
226.014
226.573
227.131
227.689
228.247
228.805
229.363
229.922
230.481
231.038
231.597
232.155
240.107
240.941
246.67
252.231
253.198
257.66
260.136
262.613
265.088
267.565
270.041
272.517
274.993
277.469
279.945
282.421
284.897
287.373
289.85
292.325
294.801
297.279
299.754
302.229
304.705
307.182
309.658
312.133
314.611
317.086
319.562
322.037
324.514
326.99
329.466
331.942
334.419
336.895
339.37
341.846
344.323
346.799
349.274
351.751
354.227
356.703
359.179
361.655
364.13
366.608
369.083
371.56
374.035
376.511
378.987
381.462
383.94
386.415
388.892
391.368
393.843
396.32
398.796
369.011
370.279
350.19
330.833
331.526
316.964
311.07
305.176
299.285
293.391
287.499
281.605
275.711
269.818
263.924
258.031
252.137
246.245
240.351
234.458
228.564
222.671
216.779
210.885
204.992
199.098
193.205
187.312
181.418
175.524
169.631
163.738
157.846
151.952
146.058
140.165
134.272
128.379
122.485
116.592
110.698
104.805
98.9121
93.0188
87.1256
81.2316
75.3388
95.3853
90.4641
102.712
114.377
109.916
117.724
118.56
119.396
120.232
121.069
121.905
122.742
123.578
124.414
125.251
126.087
126.923
127.759
128.596
129.432
130.268
131.105
131.941
132.777
133.614
134.45
135.286
136.122
136.959
137.795
138.632
139.468
140.304
141.141
141.977
142.813
143.649
144.486
145.322
146.158
146.995
147.831
148.667
149.504
150.34
151.177
152.013
152.849
153.685
154.521
155.358
156.194
157.03
157.867
158.703
157.68
158.447
157.983
157.561
158.295
158.148
158.503
158.857
159.21
159.565
159.919
160.272
160.627
160.98
161.335
161.689
162.042
162.396
162.75
163.104
163.458
163.812
164.166
164.52
164.874
165.228
165.582
165.936
166.289
166.644
166.998
167.352
167.705
168.059
168.414
168.768
169.121
169.476
169.829
170.184
170.537
170.892
171.245
171.599
171.953
172.307
172.661
173.015
173.369
173.723
174.077
174.431
174.785
175.139
175.493
175.847
176.2
176.555
176.909
177.263
177.617
177.971
178.324
178.678
179.033
179.387
179.741
180.094
180.448
180.802
181.156
181.51
181.864
182.219
182.572
182.926
183.28
183.634
183.988
184.342
184.696
185.05
185.404
185.758
186.112
186.466
186.819
187.174
187.528
187.882
188.236
188.589
188.944
189.297
189.651
190.006
190.36
190.713
191.067
191.422
191.775
192.129
192.483
192.837
193.191
193.545
193.898
194.253
194.607
194.961
195.315
195.669
196.023
196.504
196.863
197.307
197.746
198.108
198.53
198.916
199.303
199.69
200.077
200.464
200.852
201.239
201.626
202.012
202.399
202.787
203.174
203.561
203.948
204.335
204.722
205.109
205.497
205.883
206.271
206.658
207.045
207.431
207.819
208.207
208.593
208.98
209.367
209.755
210.141
210.528
210.915
211.302
211.69
212.076
212.464
212.852
213.239
213.625
214.013
214.399
214.787
215.173
215.56
215.948
216.335
216.722
217.109
217.496
217.883
218.27
218.657
219.044
219.432
219.819
220.205
210.952
210.977
204.621
198.482
198.337
193.632
191.518
189.404
187.289
185.175
183.061
180.947
178.833
176.719
174.604
172.49
170.376
168.262
166.148
164.034
161.919
159.805
157.691
155.577
153.463
151.349
149.234
147.12
145.006
142.892
140.777
138.663
136.549
134.435
132.321
130.207
128.093
125.979
123.864
121.75
119.636
117.522
115.407
113.293
111.179
109.065
106.951
104.837
102.722
100.608
98.4941
96.3799
94.2656
92.1515
90.0375
87.9235
85.8091
83.6949
81.5808
79.4666
77.3526
75.2383
73.1242
71.0101
68.8958
66.7818
64.6674
62.5535
60.4389
58.325
65.6275
63.8661
68.3381
72.5978
71.0038
73.8631
74.192
74.5209
74.8496
75.1786
75.5072
75.8363
76.1648
76.4939
76.8226
77.1516
77.4804
77.8089
78.138
78.4669
78.7958
79.1245
79.4534
79.782
80.111
80.4401
80.7688
81.0974
81.4264
81.7552
82.0842
82.4128
82.742
83.0706
83.3994
83.7285
84.0572
84.3859
84.7149
85.0436
85.3727
85.7015
86.0302
86.3591
86.688
87.0166
87.3457
87.6745
88.0034
88.3322
88.6611
88.99
89.3185
89.6475
89.9765
90.3053
90.6339
90.9627
91.2917
91.6207
91.9492
92.2783
92.6069
92.936
93.2647
93.5935
93.9221
94.2513
94.5799
94.9087
95.2376
95.5665
95.8951
96.2241
96.5531
96.8817
97.2107
97.5396
97.8685
98.1974
98.526
98.8549
99.1837
99.5128
99.8413
100.17
100.499
100.828
101.157
101.486
101.814
102.143
102.472
102.801
103.13
103.459
103.788
104.116
104.445
104.774
105.103
105.432
105.761
106.09
106.419
106.747
107.076
107.405
107.734
108.062
108.391
108.72
109.049
109.378
109.707
110.035
110.365
110.693
111.022
111.351
111.68
112.009
112.337
112.666
112.995
113.324
113.653
113.982
114.31
114.639
114.968
115.297
115.626
115.955
116.283
116.612
116.941
117.27
117.599
117.928
118.256
118.586
118.914
119.243
119.572
119.901
120.23
120.559
120.887
118.407
118.63
116.994
115.422
115.595
114.44
114.041
113.64
113.241
112.841
112.441
112.041
111.641
111.241
110.841
110.441
110.041
109.641
109.241
108.841
108.441
108.041
107.641
107.241
106.841
106.441
106.041
105.641
105.241
104.841
104.441
104.041
103.641
103.241
102.841
102.441
102.041
101.641
101.241
100.841
100.441
100.041
99.6412
99.2411
98.8415
98.4413
98.0412
97.6413
97.2416
96.8417
96.4414
96.0414
95.6417
95.2416
94.8414
94.4419
94.0417
93.6419
93.2421
92.8416
92.4419
92.0419
91.6417
91.2418
90.842
90.4417
90.0422
89.642
89.2419
88.842
88.4421
88.042
87.6419
87.242
86.842
86.4423
86.0423
85.6423
85.2423
84.8422
84.4424
84.0423
83.6424
83.2424
82.8423
82.4423
82.0426
81.6425
81.2425
80.8425
80.4425
80.0424
79.6423
79.2424
78.8427
78.4428
78.0428
77.6428
77.2425
76.8426
76.4427
76.0427
75.6428
75.2428
74.8428
74.4428
74.0429
73.6429
73.2429
72.843
72.4429
72.043
71.6431
71.243
70.8429
70.4431
70.043
69.643
69.2432
68.8431
68.4433
68.0432
67.6434
67.2433
66.8434
66.4433
66.0434
65.6433
65.2434
64.8433
64.4435
64.0434
63.6436
63.2434
62.8433
72.07
72.0308
78.3634
84.4793
84.6111
89.2954
91.3928
93.4903
95.5876
97.6853
99.7827
101.88
103.978
106.075
108.172
110.27
112.367
114.465
116.562
118.66
120.757
122.855
124.952
127.05
129.147
131.244
133.342
135.439
137.537
139.634
141.732
143.829
145.927
148.024
150.121
152.219
154.317
156.414
158.512
160.609
162.706
161.304
163.27
162.921
162.649
164.553
164.802
165.992
167.182
168.371
169.561
170.751
171.94
173.13
174.319
175.509
176.698
177.888
179.078
180.267
181.456
182.647
183.836
185.026
186.215
187.405
188.594
189.784
190.973
192.163
193.353
194.543
195.732
196.921
198.111
199.3
200.49
201.68
202.87
204.059
205.249
206.438
207.628
208.817
210.006
211.197
212.387
213.575
214.766
215.955
217.145
218.334
219.524
220.713
221.903
223.092
224.282
225.472
226.662
227.851
229.04
230.231
231.42
232.609
233.799
234.988
236.178
237.367
238.557
239.747
240.937
242.126
243.315
244.505
245.695
246.884
248.074
249.264
250.454
251.643
252.832
254.022
255.212
256.401
257.591
258.781
259.971
261.159
262.349
263.538
264.728
265.918
267.108
268.297
269.486
270.677
271.866
273.057
274.245
275.434
276.625
277.814
279.003
280.193
281.383
282.572
283.762
284.952
286.141
287.331
288.52
289.71
290.899
292.088
293.28
294.468
295.658
284.453
285.178
277.699
270.498
271.004
265.647
263.621
261.595
259.569
257.543
255.517
253.492
251.465
249.439
247.413
245.388
243.361
241.335
239.31
237.283
235.257
233.231
231.205
229.18
227.153
225.128
223.102
221.076
219.05
217.024
214.998
212.972
210.946
208.92
206.894
204.868
202.842
200.816
198.79
196.764
194.738
192.712
190.685
188.66
186.633
184.608
182.581
180.556
178.53
176.504
174.478
172.452
170.426
168.4
166.374
164.348
162.322
160.296
158.27
156.244
154.218
152.192
150.166
148.14
146.114
144.088
142.062
140.036
138.01
135.984
133.958
131.932
129.907
127.88
125.854
123.828
121.803
119.777
117.75
115.724
113.698
111.672
109.647
107.621
105.595
103.568
101.543
99.5167
97.4905
95.4647
93.439
91.4128
89.3867
87.361
85.3348
83.3087
81.2828
79.2567
77.2307
75.2051
73.1789
71.1531
69.1271
67.1011
65.0752
63.0492
61.0233
58.9973
56.9713
54.9451
52.9195
50.8935
48.8674
46.8413
44.8152
71.0796
70.1137
87.8737
104.996
104.533
117.449
122.762
128.076
133.389
138.703
144.016
149.329
154.643
159.957
165.27
170.583
175.897
181.211
186.523
191.837
197.151
202.464
207.777
213.091
218.404
223.717
229.031
234.345
239.658
244.971
250.285
255.599
260.912
266.225
271.539
276.852
282.166
287.478
292.793
298.106
303.419
308.733
314.046
319.36
324.673
329.987
335.301
340.614
345.927
351.241
356.555
335.653
339.984
326.963
314.532
318.398
309.866
308.378
306.891
305.403
303.915
302.428
300.94
299.453
297.965
296.479
294.991
293.503
292.015
290.528
289.041
287.553
286.065
284.578
283.089
281.602
280.115
278.628
277.14
275.652
274.165
272.677
271.189
269.702
268.215
266.727
265.24
263.752
262.265
260.777
259.289
257.803
256.315
254.827
253.339
251.853
250.365
248.876
247.389
245.902
244.415
242.927
241.44
239.951
238.465
236.977
235.489
234.002
232.514
231.026
229.54
228.051
226.564
225.076
223.589
222.101
220.614
219.127
217.639
216.152
214.664
213.176
211.689
210.2
208.714
207.226
205.739
204.251
202.764
201.276
199.789
198.301
196.814
195.326
193.839
192.351
190.864
189.377
187.889
186.401
184.913
183.426
181.939
180.451
178.963
177.476
175.989
174.501
173.013
171.525
170.038
168.551
167.064
165.576
164.088
162.6
161.113
159.626
158.138
156.651
155.163
153.676
152.188
150.701
149.213
147.725
146.238
144.75
143.263
141.775
140.288
138.8
146.088
144.929
149.579
154.031
153.028
156.175
156.964
157.753
158.542
159.331
160.12
160.909
161.698
162.487
163.276
164.065
164.854
165.643
166.432
167.222
168.011
168.799
169.588
170.378
171.166
171.955
172.744
173.534
174.323
175.112
175.901
176.69
177.479
178.268
179.056
179.846
180.634
181.423
182.213
183.002
183.791
184.58
185.368
186.158
186.947
187.736
188.524
189.314
190.103
190.892
191.681
192.47
193.259
194.048
194.836
195.627
196.416
197.204
197.993
198.782
199.571
200.36
201.149
201.939
202.727
203.517
204.305
205.095
205.884
206.673
207.461
208.25
209.04
209.829
210.617
211.406
212.195
212.984
213.774
214.563
215.352
216.141
216.93
217.719
218.507
219.296
220.086
220.875
221.663
222.453
223.242
224.031
224.82
225.609
226.398
227.187
227.977
228.765
229.554
230.343
231.132
231.921
232.71
233.499
234.288
235.078
235.866
236.656
237.444
238.233
239.022
239.812
240.6
241.389
242.178
242.967
243.756
244.546
245.334
246.124
246.912
247.702
248.49
249.279
250.068
250.858
251.646
252.436
240.424
240.734
232.57
224.695
224.778
218.805
216.274
213.742
211.21
208.678
206.147
203.615
201.084
198.551
196.02
193.488
190.956
188.424
185.893
183.361
180.829
178.298
175.765
173.233
170.702
168.17
165.638
163.107
160.575
158.043
155.511
152.98
150.448
147.916
145.384
142.852
140.32
137.789
135.257
132.725
130.194
127.662
125.13
122.598
120.066
117.535
115.003
119.861
117.606
120.242
122.712
120.589
121.96
121.345
120.731
120.116
119.501
118.887
118.273
117.657
117.043
116.428
115.814
115.199
114.584
113.97
113.355
112.74
112.126
111.511
110.897
110.282
109.667
109.053
108.438
107.823
107.209
106.594
105.979
105.365
104.75
104.135
103.521
102.906
102.292
101.677
101.062
100.447
99.8328
99.2182
98.6037
97.9888
97.3744
96.7596
96.145
95.5303
94.9154
94.3009
93.6865
93.0719
92.457
91.8421
91.2278
90.6131
89.9987
89.3838
88.7691
88.1546
87.5397
86.9254
86.3107
85.6959
85.0815
84.4668
83.852
83.2376
82.6227
82.0081
81.3935
80.7787
80.164
79.5498
78.9349
78.3204
77.7055
77.091
76.4763
75.8618
75.247
74.6321
74.0178
73.4031
72.7883
72.1739
71.5592
70.9445
70.3298
69.7153
69.1007
68.486
67.8713
67.2567
66.6422
66.0273
65.4129
64.7982
64.1834
63.5689
62.9543
62.3395
61.7249
61.1103
60.4956
59.8809
59.2664
58.6518
60.9378
60.4318
61.8461
63.1948
62.7405
63.6581
63.7959
63.9338
64.0717
64.2095
64.3476
64.4855
64.6232
64.7613
64.8993
65.0372
65.1751
65.3131
65.4508
65.5889
65.7269
65.8648
66.0025
66.1406
66.2784
66.4164
66.5543
66.6922
66.8302
66.9681
67.106
67.2439
67.3817
67.5197
67.6576
67.7958
67.9336
68.0714
68.2093
68.3476
68.4854
68.6232
68.7611
68.8992
69.037
69.1748
69.3127
69.4507
69.5887
69.7266
69.8648
70.0025
70.1403
70.2782
70.416
70.554
70.6921
70.8301
76.3552
76.6953
80.6011
84.3856
84.8214
87.8046
89.3403
90.8758
92.4117
93.9475
95.483
97.0184
98.554
100.09
101.625
103.161
104.697
106.232
107.767
109.303
110.839
112.375
113.91
115.446
116.982
118.517
120.053
121.589
123.124
124.66
126.196
127.731
129.267
130.802
132.338
133.873
135.409
136.945
138.481
140.016
141.552
143.088
144.623
146.159
147.694
149.23
150.766
152.301
153.837
155.372
156.908
158.444
159.979
161.515
163.05
164.586
165.51
167.023
168.131
169.252
170.755
171.967
173.344
174.721
176.098
177.475
178.852
180.229
181.606
182.983
184.36
185.737
187.114
188.491
189.867
191.244
192.622
193.998
195.376
196.752
198.13
199.507
200.883
202.26
203.638
205.014
206.392
207.768
209.146
210.523
211.9
213.276
214.654
216.03
217.408
218.784
220.161
221.538
222.915
224.292
225.669
227.046
228.422
229.8
231.177
232.554
233.931
235.308
236.685
238.062
239.439
240.816
242.193
243.57
244.947
246.324
247.701
238.935
239.932
234.215
228.726
229.543
225.562
224.308
223.054
221.799
220.544
219.29
218.036
216.781
215.527
214.272
213.019
211.764
210.508
209.254
207.999
206.745
205.491
204.237
202.982
201.728
200.472
199.218
197.965
196.71
195.455
194.201
192.946
191.692
190.436
189.182
187.928
186.674
185.419
184.165
182.91
181.656
180.401
179.147
177.892
176.638
175.384
174.129
172.874
171.62
170.365
169.111
167.857
166.602
165.347
164.093
162.838
161.584
160.329
159.075
157.82
156.566
155.312
154.057
152.803
151.548
150.293
149.04
147.785
146.53
145.276
144.022
142.767
141.512
140.258
139.003
137.749
136.494
135.24
133.986
132.731
131.477
130.222
128.967
127.714
126.459
125.204
123.95
122.695
121.441
120.186
118.932
117.677
116.423
115.168
113.914
112.659
111.405
110.15
108.896
107.641
106.387
105.133
103.878
102.623
101.369
100.115
98.8601
97.6056
96.3511
95.0965
97.8329
96.7282
98.2649
99.7113
98.6769
99.5303
99.3111
99.0918
98.8729
98.6539
98.4346
98.2156
97.9962
97.777
97.5577
97.3388
97.1196
96.9005
96.6812
96.4623
96.2429
96.0237
95.8042
95.5852
95.3661
95.1469
94.9279
94.7084
94.4895
94.2704
94.0514
93.8319
93.6127
93.3937
93.1745
92.9553
92.7361
92.5174
92.2977
92.0786
91.8594
91.6404
91.4213
91.2022
90.9829
90.7638
90.5447
90.3253
90.1064
89.8872
89.668
89.449
89.2298
89.0106
88.7913
88.5722
88.353
88.1337
87.9146
87.6953
87.4763
87.257
87.0378
86.8188
86.5995
86.3805
86.1614
85.9423
85.7227
85.504
85.2846
85.0655
84.8464
100.408
100.78
111.597
122.059
122.712
130.827
134.702
138.577
142.451
146.326
150.201
154.076
157.951
161.826
165.701
169.575
173.45
177.325
181.199
185.074
188.948
192.824
196.698
200.573
204.449
208.323
212.199
216.072
219.948
223.823
227.697
231.572
235.447
239.322
243.196
247.071
250.946
254.82
258.695
262.57
266.445
270.319
274.194
278.07
281.943
285.819
289.694
293.568
267.861
270.627
253.813
237.664
239.905
228.155
224.356
220.556
216.756
212.957
209.157
205.357
201.557
197.757
193.958
190.158
186.358
182.558
178.758
174.959
171.159
167.359
163.559
159.76
155.959
152.16
148.36
144.561
140.76
136.96
133.16
129.361
125.561
121.761
117.961
114.162
110.362
106.562
102.762
98.9626
115.222
112.174
122.403
132.18
129.489
136.283
137.687
139.091
140.496
141.9
143.304
144.708
146.113
147.517
148.921
150.325
151.729
153.133
154.538
155.942
157.346
158.75
160.154
161.558
162.963
164.367
165.771
167.175
168.579
169.984
171.387
172.792
174.196
175.601
177.005
178.408
179.812
181.217
182.622
184.025
185.429
186.833
188.238
189.642
191.047
192.45
193.855
195.259
196.663
198.066
199.472
200.876
202.28
203.684
205.088
206.492
207.896
209.301
210.704
212.109
213.513
214.918
216.322
217.726
219.13
220.534
221.939
223.343
224.747
226.151
227.555
228.959
230.364
231.768
233.172
234.576
235.98
237.384
238.788
240.193
241.597
243.001
244.406
245.81
247.214
248.618
250.022
251.427
252.83
254.235
255.638
257.043
258.447
259.851
261.255
262.66
264.064
265.468
266.872
268.277
269.681
271.085
272.488
273.893
275.298
276.701
278.105
279.51
280.914
282.318
283.722
285.127
286.53
287.936
289.338
290.743
292.147
293.552
294.956
296.36
297.764
299.168
300.573
301.976
303.381
304.785
306.189
307.594
308.997
310.402
311.807
313.21
314.614
316.018
317.423
318.827
320.231
321.634
323.039
324.444
325.848
303.119
303.619
288.143
273.213
273.284
261.941
257.084
252.227
247.371
242.513
237.657
232.8
227.943
223.087
218.229
213.372
208.515
203.658
198.802
193.945
189.087
184.231
179.374
174.517
169.66
164.803
159.946
155.089
150.233
145.375
140.519
135.662
130.806
125.948
121.091
116.234
111.378
106.52
101.664
96.807
91.9503
87.0936
82.2364
77.3795
72.5228
67.6656
62.8087
57.9519
53.0951
48.238
43.3813
38.5244
33.6674
28.8107
23.9538
19.097
44.1801
40.4453
56.5283
71.9368
68.7334
79.6898
82.6005
85.5111
88.4217
91.332
94.2428
97.1534
100.064
102.974
105.885
108.795
111.706
114.617
117.527
120.438
123.348
126.259
129.169
132.08
134.991
137.901
140.812
143.722
146.633
149.543
152.454
155.364
158.275
161.186
164.096
167.007
169.918
172.828
175.739
178.649
181.559
184.47
187.38
190.291
193.202
196.112
199.022
201.933
204.844
207.755
210.665
213.575
216.486
219.397
222.307
225.218
207.706
209.852
198.479
187.566
189.349
181.473
179.086
176.697
174.311
171.923
169.535
167.147
164.76
162.372
159.984
157.597
155.209
152.822
150.434
148.046
145.659
143.271
140.884
138.496
136.108
133.721
131.333
128.945
126.558
124.17
121.783
119.395
117.007
114.619
112.232
109.845
107.457
105.069
102.682
100.294
97.9058
95.5188
93.1311
90.7435
88.3558
85.9683
83.5806
81.1928
78.8055
92.5787
90.7968
99.7121
108.263
106.768
112.916
114.722
116.527
118.332
120.137
121.942
123.747
125.552
127.358
129.162
130.967
132.773
134.577
136.383
138.188
139.993
141.798
143.603
145.408
147.213
149.018
150.823
152.629
154.434
156.239
158.044
159.849
161.654
163.459
165.264
167.069
168.875
170.68
172.484
174.29
176.095
177.9
179.705
181.51
183.315
185.12
186.926
188.73
190.535
192.34
194.146
195.951
197.756
199.561
201.366
203.172
204.977
206.782
208.587
210.392
212.197
214.001
215.807
217.612
219.417
221.222
223.028
224.832
226.637
228.443
230.248
232.052
233.858
235.663
237.468
239.273
241.078
223.799
224.888
213.345
202.233
202.984
194.709
191.563
188.417
185.27
182.124
178.978
175.832
172.686
169.54
166.394
163.248
160.1
156.955
153.808
150.663
147.517
144.37
141.224
138.077
134.932
131.785
128.639
125.493
122.347
119.2
116.055
112.908
109.762
106.616
103.47
100.324
97.1774
94.031
90.8851
87.739
84.5932
96.8984
94.3316
101.992
109.305
107.012
112.027
112.889
113.752
114.615
115.477
116.34
117.202
118.065
118.927
119.79
120.652
121.515
122.377
123.24
124.103
124.965
125.828
126.69
127.553
128.415
129.278
130.14
131.003
131.866
132.728
133.591
134.453
135.316
136.179
137.041
137.904
138.766
139.629
140.492
141.354
142.216
143.079
143.941
144.804
145.666
146.529
147.392
148.254
149.117
149.979
150.841
151.704
152.567
153.429
154.291
155.154
156.017
156.88
157.742
158.604
159.467
160.33
161.192
162.055
162.918
163.78
164.642
165.505
166.367
167.23
168.093
168.956
169.818
170.68
171.542
172.405
173.268
174.131
174.993
175.855
176.718
177.581
178.443
179.306
180.168
181.031
181.894
182.756
183.618
184.481
185.344
186.207
187.069
187.931
188.794
189.656
190.519
191.381
192.244
193.107
193.969
194.832
195.694
196.557
197.419
198.282
199.145
200.006
200.869
201.732
202.595
203.458
204.319
205.182
206.045
206.907
207.77
208.632
209.495
210.358
211.221
212.083
212.945
213.807
214.671
215.533
216.395
217.258
218.121
218.983
219.845
233.162
234.492
244.064
253.356
254.907
262.347
266.441
270.534
274.628
278.722
282.815
286.908
291.002
295.096
299.19
303.283
307.376
311.469
315.563
319.657
323.75
327.844
331.937
336.031
340.125
344.218
348.312
352.405
356.498
360.592
364.686
368.78
345.796
348.875
334.03
319.797
322.395
312.186
309.255
306.323
303.393
300.46
297.531
294.599
291.667
288.737
285.805
282.874
279.942
277.012
274.08
271.149
268.218
265.287
262.355
259.424
256.493
253.562
250.63
247.699
244.769
241.837
238.907
235.974
233.044
230.112
227.181
224.25
221.319
218.387
215.456
212.525
209.594
206.663
203.731
200.8
197.869
194.937
192.006
189.075
186.143
183.212
180.282
177.35
174.419
171.488
168.556
165.625
162.694
159.764
156.831
153.901
150.969
148.037
145.107
142.175
139.244
136.313
133.382
130.451
127.519
124.589
121.657
118.726
115.795
112.863
109.932
107.001
104.07
101.139
98.2075
95.2761
92.345
89.4136
86.4824
83.5511
80.62
77.6887
74.7578
71.8262
68.8956
65.9642
63.0327
60.1016
57.1704
54.2392
51.3079
48.3768
45.4454
42.5144
39.583
36.6518
33.7208
30.7894
39.7534
37.2677
42.656
47.7761
45.5018
48.8532
49.008
49.1628
49.3175
49.4723
49.627
49.7816
49.9365
50.0912
50.2459
50.4008
50.5554
50.7103
50.8651
51.0198
51.1745
51.3292
51.4839
51.6388
51.7936
51.9483
52.1031
52.2579
52.4125
52.5674
52.722
52.8767
53.0315
53.1864
53.3409
53.496
53.6506
53.8051
53.96
54.1149
54.2696
54.4243
54.579
54.7337
54.8887
55.0434
55.1983
55.3529
55.5075
55.6623
55.8172
55.972
56.1267
56.2814
56.436
56.5908
56.7456
56.9003
57.0552
57.21
57.3646
57.5195
57.6742
57.8288
57.9838
58.1385
58.2931
58.4478
58.6026
58.7575
58.912
59.0668
59.2218
59.3765
59.5313
59.686
59.8407
59.9954
60.1502
60.305
60.4597
60.6145
60.7694
60.924
62.1826
62.3787
63.3057
64.2077
64.4233
65.1612
65.6022
66.0434
66.4846
66.9258
67.3669
67.8081
68.2493
68.6903
69.1314
69.5726
70.0137
70.4549
70.8961
71.3371
71.7785
72.2195
72.6607
73.102
73.5429
73.9843
74.4255
74.8666
75.3078
75.7487
76.1899
76.631
77.0723
77.5135
77.9545
78.3955
78.8368
79.2779
79.719
80.1603
80.6013
81.0426
81.4838
81.9248
82.3661
82.8073
83.2482
83.6895
84.1305
84.5718
85.0131
85.4542
85.8956
86.3365
86.7777
87.2186
87.66
88.1009
88.5422
88.9835
89.4246
89.8657
90.3068
90.7479
91.1892
91.6302
92.0714
92.5128
94.5205
95.0203
96.5574
98.0591
98.5865
99.8553
100.703
101.551
102.398
103.246
104.094
104.941
105.789
106.636
107.484
108.332
109.18
110.027
110.875
111.722
112.57
113.418
114.265
115.113
115.96
116.808
117.656
118.503
119.351
120.199
121.046
121.894
122.742
123.589
124.437
125.284
126.132
126.98
127.827
128.675
129.523
130.37
131.218
132.065
132.913
133.761
134.609
135.456
136.303
137.151
137.999
138.847
139.694
140.542
141.389
142.238
143.085
143.933
144.78
145.628
146.475
147.323
148.171
149.018
149.866
150.714
151.561
152.409
153.257
154.104
154.951
155.8
156.647
157.495
158.342
159.19
160.038
160.885
161.733
162.581
163.428
164.276
165.123
165.972
166.818
167.666
168.514
169.362
170.209
171.057
171.905
172.752
173.6
174.447
175.295
176.142
176.99
177.838
178.685
179.533
180.381
181.228
182.076
182.924
183.771
184.619
185.467
186.314
187.162
188.009
188.857
189.705
190.553
191.4
192.248
193.095
193.943
194.791
195.638
196.486
197.333
198.182
199.029
199.877
200.724
201.572
202.42
203.267
204.115
204.962
205.81
206.658
207.505
208.353
209.201
210.048
210.896
211.744
212.591
213.439
214.287
215.134
215.982
216.829
217.677
218.524
219.372
220.22
221.067
221.914
222.763
219.572
220.269
218.292
216.406
217.031
215.746
215.546
215.346
215.146
214.946
214.746
214.546
214.345
214.146
213.946
213.746
213.546
213.346
213.146
212.946
212.746
212.546
212.347
212.146
211.946
211.746
211.546
211.346
211.146
210.946
210.746
210.546
210.347
210.145
209.946
209.746
209.546
209.346
209.146
208.946
208.746
208.546
208.346
208.146
207.946
207.746
207.546
207.347
207.146
206.946
206.746
206.545
206.346
206.147
205.946
205.746
205.546
205.346
205.147
204.946
204.746
204.546
204.346
204.147
203.946
203.746
203.547
203.346
203.146
202.946
202.746
202.547
202.346
202.147
201.947
201.746
201.547
201.346
201.147
200.946
200.747
200.547
200.346
200.147
199.947
199.746
199.547
199.347
199.147
198.947
198.747
198.547
198.347
198.146
197.947
197.746
197.547
197.347
197.147
196.946
196.746
196.547
196.346
196.147
195.947
195.746
195.547
195.347
195.146
194.947
194.747
194.547
194.347
194.147
193.947
193.747
193.546
193.347
193.147
192.947
192.747
192.547
192.347
192.147
191.948
191.747
191.547
191.347
191.147
190.947
190.747
190.546
190.347
190.147
189.947
187.145
186.848
184.828
182.868
182.524
180.95
180.075
179.2
178.325
177.45
176.575
175.699
174.825
173.95
173.075
172.201
171.325
170.45
169.575
168.701
167.825
166.95
166.075
165.2
164.325
163.45
162.575
161.701
160.826
159.95
159.075
158.201
157.326
156.451
155.576
154.701
153.826
152.951
152.076
151.201
151.978
151.165
151.445
151.689
150.905
150.902
150.456
150.01
149.563
149.117
148.67
148.224
147.777
147.331
146.885
146.438
145.992
145.546
145.099
144.653
144.206
143.759
143.313
142.867
142.42
141.975
141.528
141.081
140.635
140.188
139.742
139.296
138.849
138.402
137.956
137.51
137.064
136.618
136.171
135.725
135.278
134.832
134.385
133.939
133.492
133.046
132.6
132.153
131.707
131.261
130.814
130.367
129.921
129.474
129.028
128.582
128.136
127.689
127.243
126.796
126.35
125.903
125.457
125.011
124.564
124.118
123.672
123.225
122.779
122.332
121.886
121.439
120.993
120.547
120.1
119.654
119.207
118.761
118.315
117.868
117.422
116.975
116.529
116.083
115.636
115.19
114.743
114.297
113.851
113.404
112.958
112.511
112.065
111.619
111.172
110.726
110.279
109.833
109.386
108.94
108.494
108.047
107.601
107.155
106.708
106.262
105.815
105.369
104.923
104.476
104.03
103.583
100.213
99.6564
97.1649
94.7397
94.1312
92.1407
90.9351
89.7306
88.5252
87.3202
86.1152
84.9102
83.7051
82.4999
81.2951
80.0897
78.8849
77.6797
76.4746
75.2698
74.0646
72.8596
71.6544
70.4493
69.2443
68.0394
66.8342
65.6293
64.424
63.219
62.0139
60.809
59.6039
58.3987
57.1938
55.9888
54.7835
53.5784
52.3734
57.9814
57.0316
60.5918
63.9982
63.1694
65.5628
66.1253
66.6877
67.2501
67.8126
68.3749
68.9376
69.5
70.0626
70.625
71.1873
71.7498
72.3123
72.8747
73.4372
73.9999
74.5621
75.1248
75.6871
76.2498
76.812
77.3744
77.9368
78.4996
79.062
79.6245
80.1868
79.6652
80.1874
79.9916
79.8204
80.3228
80.3129
80.5938
80.8751
81.1564
81.4378
81.7188
82.0002
82.2812
82.5627
82.8438
83.1253
83.4062
83.6875
83.9687
84.25
84.5312
84.8124
85.0938
85.3748
85.6562
85.9374
86.2187
86.4998
86.781
87.0623
87.344
87.6247
87.9059
88.1873
88.4686
88.7499
89.0309
89.3125
89.5936
89.8744
90.1559
90.437
90.7185
90.9997
91.281
91.5622
91.8433
92.1246
92.4058
92.6871
92.9684
93.2495
93.5307
93.8122
94.0933
94.3744
94.6559
94.9369
95.2183
95.4993
95.7807
96.062
96.3433
96.6243
97.4734
97.7758
98.4543
99.1197
99.4324
100.014
100.442
100.871
101.299
101.728
102.156
102.585
103.013
103.442
103.871
104.299
104.728
105.156
105.585
106.013
106.442
106.871
107.299
107.728
108.156
108.585
109.013
109.442
109.87
110.299
110.727
111.156
111.585
112.013
112.441
112.87
113.299
113.727
114.156
114.584
115.013
115.441
118.865
119.405
121.929
124.385
124.979
126.989
128.194
129.4
130.605
131.811
133.016
134.222
135.428
136.633
137.839
139.044
140.25
141.456
142.661
143.866
145.072
146.278
147.483
148.688
149.894
151.1
152.306
153.511
154.716
155.922
157.127
158.333
159.538
160.745
161.95
163.155
164.361
165.566
166.772
167.977
169.183
170.388
171.594
172.799
174.005
175.21
176.416
177.621
178.827
180.033
181.238
182.444
183.649
184.855
186.06
187.266
188.472
189.677
190.883
192.088
193.294
194.499
195.705
196.91
198.116
199.322
200.527
201.732
202.938
204.144
205.35
206.555
207.76
208.966
210.171
211.377
212.582
213.788
214.993
216.199
217.404
218.61
219.815
221.022
222.227
223.432
224.638
225.843
227.049
228.254
229.46
230.666
231.871
233.076
234.282
235.488
236.693
237.898
239.105
240.31
241.516
242.721
243.927
245.132
246.338
247.543
248.75
240.842
241.707
236.541
231.579
232.281
228.674
227.517
226.358
225.2
224.042
222.882
221.725
220.567
219.409
218.251
217.092
215.935
214.776
213.618
212.459
211.301
210.143
208.985
207.826
206.668
205.51
204.352
203.193
202.036
200.877
199.719
198.561
197.402
196.245
195.086
193.928
192.77
191.612
190.454
189.295
188.137
186.979
185.821
184.662
183.504
182.346
181.188
180.03
178.871
177.713
176.555
175.397
174.239
173.081
171.922
170.764
169.606
168.447
167.289
166.131
164.973
163.815
162.656
161.498
160.34
159.182
158.024
156.865
155.707
154.549
153.391
152.232
151.074
149.916
148.758
147.6
146.442
145.283
144.125
142.967
141.809
140.65
139.492
138.334
137.176
136.018
134.859
133.702
132.543
131.385
130.226
129.068
127.91
126.752
125.594
124.436
123.277
122.119
120.961
119.803
118.644
117.486
116.328
115.17
114.011
112.853
111.695
110.537
109.379
108.221
107.062
105.904
104.746
103.588
102.429
101.271
100.113
98.9545
97.7968
96.6382
95.4803
94.3219
93.1634
92.0052
90.8474
89.6892
88.5307
87.3726
86.2143
85.0563
83.898
82.7398
81.5817
80.4233
79.2652
78.1069
76.9491
75.7905
74.6325
94.5123
94.1423
107.698
120.78
120.784
130.738
135.037
139.337
143.636
147.936
152.236
156.536
160.835
165.136
169.435
173.735
178.034
182.334
186.634
190.934
195.233
199.533
203.833
208.133
212.433
216.732
221.033
225.332
229.632
233.932
238.231
242.531
246.831
251.131
255.43
259.729
264.03
268.329
272.63
276.929
261.544
265.105
255.637
246.613
249.826
243.728
242.921
242.114
241.306
240.499
239.691
238.884
238.077
237.27
236.462
235.655
234.847
234.04
233.233
232.426
231.618
230.811
230.004
229.197
228.389
227.582
226.775
225.967
225.16
224.352
223.545
222.738
221.931
221.124
220.317
219.509
218.702
217.894
217.087
216.28
215.472
214.665
213.857
213.05
212.243
211.436
210.629
209.822
209.014
208.207
207.4
206.592
205.785
204.978
204.17
203.363
202.556
201.749
200.941
200.134
199.326
198.519
197.712
196.905
196.098
195.29
194.483
193.676
192.868
192.061
191.254
190.446
189.639
188.831
188.025
187.217
186.41
185.603
184.795
183.988
183.181
182.374
181.566
180.759
179.951
179.144
178.337
177.529
176.722
175.914
175.107
174.3
173.493
172.686
171.878
171.071
170.264
169.456
168.649
167.842
167.035
166.227
165.42
164.613
163.806
162.998
162.191
161.383
160.576
163.628
162.966
164.858
166.664
166.069
167.3
167.495
167.688
167.882
168.076
168.271
168.464
168.658
168.853
169.047
169.241
169.435
169.628
169.822
170.017
170.211
170.404
170.599
170.793
170.987
171.181
171.375
171.569
171.763
171.957
172.151
172.345
172.539
172.733
172.927
173.121
173.315
173.509
173.703
173.897
174.091
174.285
174.479
174.673
174.867
175.061
175.255
175.449
175.643
175.837
176.031
176.225
176.419
176.613
176.807
177.001
177.195
177.389
177.583
177.777
177.971
178.165
178.359
178.553
178.748
178.942
179.136
179.33
179.523
179.717
179.912
180.105
180.3
180.494
180.688
180.882
181.076
181.27
181.464
181.658
181.852
182.045
182.24
182.434
182.628
182.822
183.016
183.21
183.404
183.598
183.792
183.986
184.181
184.375
184.568
184.762
184.956
185.149
185.344
185.538
185.732
185.926
186.121
186.315
186.508
186.703
186.897
187.09
187.284
187.479
187.673
187.866
188.061
188.255
188.449
188.642
188.836
189.03
189.224
189.418
189.613
189.807
190.001
190.194
190.389
190.583
190.777
190.971
191.165
191.359
191.553
191.747
191.94
192.135
181.33
181.112
173.613
166.363
165.949
160.334
157.675
155.015
152.355
149.696
147.037
144.377
141.718
139.058
136.399
133.74
131.081
128.421
125.761
123.102
120.443
117.783
115.124
112.464
109.805
107.145
104.486
101.827
99.1668
96.5076
93.8485
91.189
88.5296
85.8699
83.2106
80.5512
77.8917
75.2322
72.573
69.9134
67.254
64.5946
61.9353
59.2759
56.6162
53.957
51.2975
62.3729
60.2281
67.1745
73.8117
71.9108
76.5056
77.4094
78.3132
79.217
80.1207
81.0244
81.9282
82.8322
83.736
84.6398
85.5435
86.4474
87.3511
88.255
89.1588
90.0622
90.9662
91.8701
92.7739
93.6779
94.5815
95.4854
96.3892
97.2928
98.1968
99.1003
100.004
100.908
101.812
102.715
103.619
104.523
105.427
106.331
107.234
108.138
109.042
109.946
110.85
111.753
112.657
113.561
114.465
115.369
116.273
117.176
118.08
118.984
119.888
120.792
121.695
122.599
123.503
124.407
125.311
126.214
127.118
128.022
128.925
129.829
130.733
131.637
132.54
133.445
134.348
135.252
136.156
137.06
137.964
138.867
139.771
140.675
141.579
142.482
143.386
144.29
145.194
146.098
147.002
147.905
148.809
149.713
150.617
151.52
152.424
153.328
154.232
155.136
156.04
156.944
157.847
158.751
159.654
160.559
161.462
162.367
163.27
164.174
165.078
159.071
159.716
155.787
152.014
152.536
149.791
148.902
148.013
147.124
146.235
145.347
144.458
143.569
142.68
141.791
140.902
140.014
139.125
138.236
137.347
136.458
135.57
134.68
133.792
132.902
132.014
131.125
130.236
129.348
128.458
127.57
126.681
125.792
124.903
124.014
123.126
122.237
121.348
120.459
119.57
118.681
117.792
116.903
116.015
115.126
114.237
113.348
112.459
111.57
110.682
109.793
108.904
108.015
107.126
106.237
105.349
104.46
103.571
102.682
101.793
100.904
100.016
99.1268
98.2381
97.3489
96.4603
95.5714
94.6825
93.7936
92.9047
92.0162
91.1275
98.736
98.1655
103.22
108.083
107.663
111.263
112.578
113.894
115.21
116.526
117.841
119.157
120.472
121.788
123.104
124.42
125.736
127.051
128.367
129.683
130.998
132.314
133.63
134.945
136.261
137.577
138.893
140.209
141.524
142.84
144.156
145.471
146.787
148.103
149.419
150.734
152.05
153.366
154.681
155.997
157.313
158.629
159.944
161.261
162.576
163.892
165.207
166.523
167.839
169.154
170.47
171.786
173.101
174.417
175.733
177.049
178.364
184.756
186.262
191.127
195.879
197.474
201.471
204.103
206.736
209.368
212.001
214.634
217.267
219.899
222.531
225.164
227.796
230.428
233.061
235.694
238.326
240.959
243.591
246.224
248.856
251.489
254.121
256.754
259.386
262.018
264.651
267.284
269.917
272.549
275.181
277.814
280.446
283.079
285.711
288.344
290.976
293.609
296.242
298.874
301.507
304.139
306.771
309.403
312.036
314.67
294.339
296.111
282.682
269.773
271.137
261.642
258.317
254.991
251.666
248.342
245.018
241.693
238.367
235.043
231.718
228.393
225.068
221.744
218.419
215.093
211.769
208.444
205.12
201.795
198.47
195.146
191.82
188.495
185.171
181.846
178.52
175.196
171.871
168.546
165.221
161.896
158.572
155.247
151.923
148.598
145.273
141.947
138.623
135.298
131.973
128.648
125.324
121.999
118.674
115.349
112.025
108.7
105.375
102.05
98.7251
95.4002
92.0753
88.7506
85.4261
82.1008
78.7762
75.4514
72.1267
68.8015
65.477
62.1522
58.8273
55.5025
52.1777
48.8527
45.5281
42.2032
38.8784
35.5533
32.2287
28.904
25.5791
22.2543
18.9294
15.6045
51.1865
49.3197
73.206
96.2157
95.0397
112.264
119.033
125.802
132.571
139.34
146.109
152.877
159.646
166.415
173.184
179.953
186.722
193.49
200.259
207.028
213.797
220.566
227.335
234.103
240.872
247.641
254.411
261.179
267.948
274.717
281.486
288.254
295.023
301.792
308.561
315.331
322.098
328.867
335.637
325.484
331.62
326.555
321.871
327.706
325.538
327.917
330.297
332.675
335.054
337.433
339.812
342.192
344.571
346.95
349.329
351.709
354.088
356.467
358.845
361.226
363.605
365.984
368.363
370.742
373.121
375.501
377.88
380.259
382.637
385.017
387.396
389.775
392.155
394.532
396.914
399.293
401.67
404.05
406.43
408.809
411.187
413.568
415.945
418.325
420.705
423.084
425.465
427.842
430.223
432.601
434.979
437.36
439.738
442.117
444.496
446.877
449.256
418.2
419.324
398.32
378.067
378.601
363.318
357.024
350.729
344.433
338.138
331.844
325.549
319.252
312.959
306.663
300.368
294.072
287.777
281.483
275.188
268.893
262.598
256.303
250.007
243.713
237.418
231.122
224.827
218.532
212.237
205.941
199.646
193.351
187.057
180.761
174.466
168.171
161.876
155.581
149.285
142.99
136.696
130.4
124.105
136.008
130.395
136.826
142.849
137.559
140.875
139.302
137.727
136.154
134.58
133.006
131.431
129.857
128.284
126.71
125.135
123.561
121.988
120.414
118.84
117.266
115.692
114.118
112.544
110.97
109.396
107.822
106.248
104.674
103.1
101.526
99.9522
98.3779
96.804
95.2298
93.656
92.0816
90.5078
88.934
87.3599
85.7858
84.2121
82.6378
81.0639
79.4901
77.916
76.3421
74.768
73.1943
71.6201
70.0461
68.4721
66.898
65.3242
74.5706
73.4023
79.3965
85.1465
84.17
88.3114
89.5446
90.7779
92.0111
93.2444
94.4776
95.711
96.9444
98.1776
99.4107
100.644
101.877
103.11
104.344
105.577
106.81
108.044
109.277
110.51
111.743
112.977
114.21
115.443
116.676
117.91
119.143
120.376
121.61
122.843
124.076
125.309
126.543
127.776
129.009
130.242
131.476
132.709
133.942
135.176
136.409
137.642
138.875
140.108
141.342
142.575
143.809
145.041
146.275
147.508
148.742
149.974
151.208
152.441
153.674
154.908
156.141
157.374
158.608
159.841
161.074
162.307
163.541
164.774
166.007
167.24
168.474
169.706
170.94
172.173
173.406
174.64
175.874
177.107
178.339
179.573
180.807
182.039
183.273
184.506
185.739
186.972
188.205
189.439
190.672
191.906
193.139
194.372
195.606
196.839
198.072
199.305
200.539
201.772
203.005
204.238
205.472
206.705
207.938
209.171
210.405
211.638
212.871
214.104
215.338
216.571
217.804
219.037
220.27
221.504
222.737
223.971
225.204
226.438
227.67
228.904
227.798
228.945
228.542
228.193
229.296
229.295
229.922
230.549
231.175
231.802
232.429
233.055
233.681
234.308
234.935
235.561
236.188
236.815
237.441
238.068
238.695
239.321
239.948
240.574
241.202
241.828
242.455
243.082
243.708
244.334
244.961
245.588
246.214
246.841
247.468
248.094
248.721
249.347
249.975
250.601
251.228
251.855
252.481
253.107
253.734
254.361
254.987
255.613
256.24
256.867
257.494
258.121
258.747
259.373
260.0
260.627
261.253
261.881
262.507
263.133
263.759
264.387
265.013
265.639
266.266
266.893
267.52
268.147
268.773
269.4
270.026
270.652
271.279
271.906
272.533
268.174
268.614
265.755
263.007
263.358
261.352
260.685
260.019
259.353
258.686
258.018
257.353
256.685
256.019
255.353
254.686
254.019
253.353
252.686
252.019
251.353
250.686
250.019
249.352
248.686
248.019
247.352
246.686
246.019
245.352
244.687
244.02
243.353
242.687
242.02
241.353
240.687
240.02
239.353
238.687
238.019
237.353
236.687
236.021
235.353
234.687
234.021
233.353
232.687
232.021
231.354
229.402
228.687
227.123
225.587
224.848
223.503
222.503
221.503
220.503
219.503
218.503
217.504
216.504
215.503
214.504
213.504
212.504
211.503
210.504
209.503
208.504
207.504
206.504
205.504
204.505
203.504
202.504
201.505
200.504
199.504
198.505
197.505
196.504
195.505
194.505
193.505
192.505
191.505
190.505
189.504
188.505
187.505
186.505
185.505
184.505
183.505
182.505
181.506
180.506
179.506
178.505
177.506
176.505
175.506
174.505
173.506
172.506
171.506
170.505
173.551
172.703
174.532
176.27
175.494
176.63
176.68
176.728
176.779
176.828
176.877
176.927
176.977
177.026
177.076
177.125
177.175
177.225
177.274
177.323
177.373
177.422
177.471
177.522
177.571
177.62
177.67
177.719
177.769
177.818
177.868
177.917
177.967
178.016
178.066
178.115
178.165
178.214
178.264
178.313
178.363
178.412
178.462
178.511
178.561
178.61
178.66
178.709
178.758
178.809
178.858
178.907
178.957
179.006
179.056
179.105
179.155
179.204
179.254
179.303
179.353
179.402
179.452
179.501
179.551
179.6
179.65
179.699
179.749
179.798
179.848
179.898
179.947
179.997
180.046
180.095
180.145
180.194
180.244
180.293
180.343
180.393
180.442
180.492
180.54
180.59
180.64
180.689
180.739
180.788
180.838
180.887
180.937
180.987
181.036
181.085
181.135
181.184
181.234
181.283
181.333
184.378
184.54
186.684
188.761
188.976
190.609
191.435
192.261
193.087
193.914
194.74
195.567
196.394
197.221
198.048
198.874
199.701
200.527
201.354
202.181
203.007
203.834
204.661
205.487
206.313
207.14
207.967
208.793
209.62
210.446
211.273
212.1
212.927
213.753
214.58
215.407
216.233
217.059
217.886
218.713
219.54
220.366
221.193
222.02
222.846
223.673
224.499
225.326
226.153
226.979
227.806
228.633
229.459
230.286
231.112
231.938
232.766
233.593
234.419
235.246
236.072
236.898
237.725
238.552
239.379
240.205
241.031
241.858
242.685
243.512
244.338
245.165
245.991
246.817
247.645
231.686
231.883
220.971
210.436
210.335
202.297
198.768
195.24
191.712
188.183
184.655
181.127
177.599
174.071
170.543
167.014
163.486
159.958
156.431
152.902
149.374
145.845
142.318
138.79
135.262
131.733
128.205
124.677
121.149
117.621
114.093
110.565
107.036
103.509
99.9806
96.4525
92.9243
89.396
85.8678
82.34
78.8119
75.2838
71.7556
68.2274
64.6996
61.1711
57.6434
54.1152
50.5873
47.0589
43.5309
40.0028
36.4748
63.1968
60.8019
78.4305
95.3779
93.5203
105.97
110.289
114.609
118.929
123.249
127.568
131.888
136.208
140.527
144.847
149.167
153.487
157.807
162.126
166.446
170.766
175.086
179.405
183.725
188.045
192.365
196.685
201.005
205.324
209.644
213.963
218.283
222.603
226.923
231.243
235.563
239.882
244.202
248.521
252.842
257.162
261.481
265.801
270.121
274.44
278.76
283.081
287.399
291.719
296.039
277.613
281.082
269.493
258.418
261.481
253.788
252.206
250.625
249.044
247.462
245.881
244.3
242.72
241.139
239.557
237.976
236.395
234.814
233.232
231.652
230.07
228.489
226.909
225.327
223.746
222.165
220.584
219.003
217.422
215.84
214.26
212.678
211.097
209.516
207.935
206.354
204.772
203.191
201.611
200.029
198.448
196.867
195.286
193.705
192.124
190.543
188.962
187.381
185.8
184.219
182.638
181.056
179.475
177.894
176.313
174.732
173.151
171.569
169.988
168.407
166.826
165.245
163.664
162.082
160.502
158.92
157.339
155.758
154.177
152.596
151.015
149.434
147.853
146.271
144.691
143.109
141.528
139.947
138.366
136.785
135.204
133.623
132.042
130.46
128.879
127.298
125.717
124.136
122.555
120.974
119.392
117.812
116.23
114.649
113.068
111.487
109.906
108.325
106.744
105.162
103.582
102.0
100.419
98.8381
97.257
95.6762
94.0951
92.5136
90.9327
89.3516
87.7704
86.189
84.6082
83.0273
81.446
79.8647
78.2841
83.3027
81.9691
85.0037
87.8901
86.6735
88.5783
88.7092
88.8404
88.9717
89.1028
89.2339
89.3651
89.4962
89.6274
89.7588
89.8898
90.0207
90.1518
90.283
90.4141
90.5456
90.6763
90.8076
90.9385
91.0696
91.201
91.3321
91.4635
91.5945
91.7256
91.8568
91.9879
92.119
92.25
92.381
92.5124
92.6436
92.7745
92.9058
93.037
93.1679
93.2991
93.4303
93.5613
93.6925
93.8236
93.9548
94.0862
94.2171
94.3483
94.4794
94.6105
94.7417
94.8728
95.0038
95.1351
95.2665
95.3974
95.5286
95.6597
95.7907
93.2689
93.3009
91.5765
89.912
89.8969
88.6266
88.0696
87.5127
86.9552
86.3982
85.8412
85.2842
84.7269
84.1698
83.6125
83.0555
82.4985
81.9414
81.3842
80.8272
80.2701
79.7129
79.1557
78.5987
78.0414
77.4842
76.9275
76.37
75.8129
75.2559
74.6986
74.1416
73.5844
73.0274
72.4702
71.9132
71.3562
70.7992
70.242
69.6849
69.1276
68.5706
68.0134
67.4564
66.899
66.342
65.7851
65.228
64.6707
64.1138
63.5565
62.9995
62.4423
61.8852
61.3282
60.771
60.2139
59.6569
59.0997
58.5425
57.9856
57.4285
56.8714
56.3142
55.7572
55.1999
54.6428
54.0857
53.5285
52.9714
75.2919
75.5922
91.0353
105.963
106.67
118.196
123.574
128.952
134.33
139.708
145.086
150.464
155.842
161.221
166.599
171.977
177.355
182.732
188.111
193.489
198.867
204.245
209.623
215.001
220.379
225.757
231.136
236.514
241.892
247.27
252.648
258.026
263.404
268.782
274.16
279.538
284.917
265.993
270.46
258.842
247.772
251.808
244.35
243.424
242.496
241.57
240.644
239.717
238.791
237.865
236.938
236.012
235.085
234.158
233.231
232.305
231.378
230.452
229.526
228.599
227.672
226.745
225.819
224.893
223.966
223.039
222.113
221.186
220.259
219.332
218.406
217.48
216.553
215.626
214.7
213.774
212.848
211.92
210.994
210.067
209.141
208.215
207.288
206.361
205.434
204.508
203.581
202.655
201.728
200.802
199.876
198.948
198.023
197.095
196.169
195.242
194.316
193.389
192.462
191.537
190.61
189.683
188.756
187.83
186.904
185.978
185.05
184.124
183.197
182.271
181.344
180.417
179.491
178.565
177.638
176.712
175.785
174.858
173.932
173.005
172.079
171.152
170.225
169.299
168.372
167.446
166.519
165.593
164.666
163.74
162.813
161.886
160.96
160.034
159.107
158.18
157.254
156.327
155.4
154.474
153.548
152.621
151.694
150.768
149.841
148.914
147.163
146.205
144.7
143.215
142.244
140.88
139.739
138.599
137.458
136.318
135.176
134.035
132.895
131.754
130.613
129.472
128.332
127.19
126.05
124.909
123.768
122.628
121.487
120.346
119.206
118.065
116.924
115.783
114.642
113.502
112.361
111.22
110.079
108.938
107.798
106.657
105.516
104.375
103.235
102.094
100.953
99.8124
98.6714
97.5306
96.39
95.2488
94.1083
92.9677
91.8271
90.686
89.545
88.4045
87.2637
86.123
84.9818
83.8412
82.7007
81.5598
80.4189
79.2783
78.1373
76.9966
75.8559
74.7151
73.5743
72.4336
71.2926
70.152
69.0112
67.8704
66.7295
76.7146
75.991
82.6316
89.0217
88.4954
93.231
94.9767
96.7226
98.4681
100.214
101.959
103.705
105.451
107.196
108.942
110.688
112.433
114.179
115.924
117.67
119.416
121.161
122.907
124.653
126.399
128.144
129.89
131.636
133.382
135.127
136.873
138.618
140.364
142.11
143.855
145.601
147.347
149.092
150.838
152.584
154.329
156.075
157.821
159.566
161.312
163.057
164.803
166.549
168.294
170.04
171.786
173.532
175.277
177.023
178.769
180.514
182.26
184.006
185.751
172.473
173.656
164.894
156.471
157.386
151.197
149.044
146.892
144.74
142.589
140.436
138.284
136.132
133.98
131.828
129.675
127.524
125.372
123.219
121.067
118.915
116.764
114.612
112.459
110.307
108.155
106.003
103.851
101.699
99.5472
97.3948
95.2428
93.0907
90.9389
88.7865
86.6347
84.4827
82.3306
80.1782
78.0264
75.8744
73.7222
71.5703
69.4183
