215.568
213.709
211.848
209.989
208.129
206.269
204.409
202.549
200.69
198.83
196.969
195.11
193.249
191.39
189.53
187.67
185.81
183.95
182.09
180.231
178.37
176.511
174.65
172.79
170.931
169.071
167.211
165.351
163.491
161.631
159.771
157.911
156.052
154.192
152.331
150.472
148.612
146.752
144.892
143.032
141.172
139.312
137.452
135.592
133.732
131.873
130.013
128.153
126.293
124.433
122.573
120.714
118.853
116.994
115.134
113.274
111.414
109.554
107.694
105.834
103.974
102.114
100.255
98.3944
96.5349
94.6746
92.815
90.9552
89.0952
87.235
85.3752
83.5155
81.6558
79.7955
77.9357
76.0759
74.2161
72.3562
70.4963
68.6363
66.7763
64.9165
63.0566
61.1967
59.3369
57.477
55.6172
53.7571
51.8973
50.0375
48.1774
46.3175
44.4576
42.5976
40.7379
51.1396
49.7393
56.4549
62.8946
61.712
66.3281
67.6494
68.9707
70.2918
71.6128
72.9341
74.2553
75.5764
76.8974
78.2184
79.5399
80.8612
82.1821
83.5034
84.8244
86.1457
87.4669
88.788
90.1093
91.4304
92.7518
94.0727
95.3937
96.7154
98.0363
99.3575
100.679
102.0
103.321
104.642
105.963
107.284
108.606
109.927
111.248
112.569
113.89
115.211
116.533
117.854
119.175
120.496
121.817
123.139
124.46
125.781
127.102
128.423
129.744
131.066
132.386
133.708
135.029
136.35
137.671
138.992
140.314
141.635
142.956
144.277
145.598
146.919
148.241
149.562
150.883
152.204
153.526
154.846
156.168
157.489
158.81
160.131
161.453
162.774
164.095
165.415
166.737
168.058
169.38
170.701
172.022
173.343
174.664
175.985
177.306
178.628
179.949
181.27
182.591
183.912
185.234
186.555
187.876
189.197
190.519
191.839
193.16
194.482
195.803
197.124
198.445
199.767
201.087
202.409
203.73
205.052
206.373
207.693
209.015
210.335
211.658
212.979
214.3
215.62
216.941
218.263
219.584
220.906
222.227
223.548
224.869
226.19
227.511
228.832
230.153
231.474
232.796
234.117
235.438
236.759
238.08
239.402
240.723
242.044
243.366
244.686
246.008
247.329
248.65
249.97
251.292
252.614
253.935
255.255
256.577
257.899
259.219
260.54
261.861
263.183
264.503
265.826
267.146
268.468
269.789
271.11
272.431
273.753
275.074
276.395
277.716
279.037
280.358
281.679
283.0
284.321
285.643
286.964
288.286
289.606
290.927
292.249
293.57
294.891
296.213
297.534
298.855
300.176
301.496
302.818
304.14
305.46
306.781
308.103
309.424
310.745
312.067
313.387
309.682
310.815
308.62
306.538
307.583
306.249
306.266
306.283
306.3
306.318
306.334
306.351
306.368
306.385
306.402
306.42
306.437
306.454
306.472
306.489
306.505
306.522
306.539
306.557
306.574
306.591
306.608
306.625
306.642
306.658
306.677
306.693
306.711
306.727
306.744
306.762
306.778
306.796
306.813
306.83
306.848
306.864
306.881
306.899
306.915
306.932
306.949
306.967
306.984
307.001
307.018
307.034
307.053
307.069
307.087
307.104
307.12
307.137
307.154
307.172
307.189
307.207
307.223
307.241
307.257
307.274
307.291
307.309
307.326
307.342
307.36
307.378
307.394
307.411
307.428
307.446
307.462
307.48
307.497
307.514
307.53
307.548
307.565
307.583
307.599
307.616
307.634
307.651
307.668
307.685
307.702
307.719
307.736
307.754
307.771
307.788
307.804
307.821
307.839
307.856
307.873
307.889
307.907
307.924
307.941
307.959
307.975
307.993
308.01
308.026
308.044
308.061
308.078
308.095
308.113
308.129
308.147
295.983
295.544
287.043
278.816
278.161
271.745
268.603
265.46
262.317
259.174
256.032
252.889
249.747
246.604
243.461
240.318
237.175
234.033
230.89
227.748
224.604
232.466
229.735
234.288
238.594
236.059
238.728
238.44
238.153
237.864
237.575
237.288
237.0
236.711
236.424
236.136
235.848
235.56
235.273
234.984
234.696
234.409
234.12
233.832
233.544
233.256
232.968
232.68
232.392
232.105
231.817
231.528
231.24
230.952
230.664
230.376
230.089
229.801
229.512
229.224
228.937
228.649
228.36
228.072
227.786
227.496
227.208
226.92
226.632
226.345
226.056
225.768
225.481
225.192
224.905
224.617
224.328
224.041
223.753
223.465
223.177
222.889
222.601
222.312
222.025
221.737
221.449
221.161
220.874
220.585
220.297
220.009
219.721
219.433
219.145
218.857
218.569
218.281
217.993
217.705
217.417
217.129
216.841
216.553
216.264
215.977
215.689
215.401
215.113
214.825
214.537
214.249
213.961
213.673
213.385
213.097
212.81
212.522
212.233
211.945
211.657
211.369
211.081
210.793
210.506
210.217
209.929
209.641
209.353
209.066
208.777
208.49
208.201
207.914
207.626
207.338
207.05
206.762
206.474
206.186
205.898
205.61
205.322
205.033
204.746
204.458
204.17
203.881
203.594
203.305
203.018
202.731
202.442
202.154
201.866
201.578
201.29
201.002
200.713
200.426
200.138
199.85
199.562
199.274
198.986
198.699
198.41
198.122
197.834
197.546
197.258
196.97
196.682
196.395
196.106
195.818
195.53
195.242
194.955
194.666
194.378
194.09
193.802
193.514
193.226
192.938
192.65
192.362
192.074
191.786
191.499
191.211
190.923
190.634
190.347
190.059
189.77
189.482
189.194
188.907
188.618
188.331
188.043
187.754
187.467
187.179
186.89
186.603
186.315
186.027
185.739
185.451
185.163
184.874
184.587
184.299
184.011
183.723
183.435
183.147
182.858
182.57
182.283
181.995
181.707
181.418
181.131
180.843
180.555
180.267
179.979
179.69
179.403
179.115
178.827
178.539
178.251
177.964
177.675
177.388
177.099
176.811
176.523
176.235
175.947
175.659
175.371
175.083
174.795
174.508
174.219
173.931
173.644
173.355
173.067
172.779
172.491
172.204
171.915
171.627
171.339
171.051
170.763
170.476
170.187
169.899
169.611
169.324
169.035
168.748
168.459
161.302
160.757
155.665
150.727
150.06
146.144
144.074
142.004
139.934
137.864
135.793
133.724
131.654
129.583
127.514
125.443
123.373
121.303
119.233
117.163
115.093
113.023
110.953
108.883
106.813
104.743
102.673
100.602
98.5324
96.4624
94.3923
92.322
90.2521
88.1824
86.1121
84.042
81.9721
79.9019
77.8317
75.7618
73.6918
71.6216
69.5516
67.4816
65.4116
63.3416
61.2715
59.2014
57.1312
55.0613
52.991
50.9213
48.851
46.7809
44.711
42.6409
40.5708
55.9019
54.4837
64.5838
74.2917
73.1828
80.3033
82.7477
85.1918
87.6361
90.0804
92.5248
94.9691
97.4133
99.8579
102.302
104.746
107.191
109.635
112.079
114.523
116.968
119.412
121.856
124.301
126.745
129.189
131.634
134.078
136.522
138.967
141.411
143.855
146.299
148.744
151.188
153.632
156.076
158.521
160.966
163.41
165.854
168.298
170.743
173.187
175.631
178.076
180.52
182.964
185.409
187.853
190.297
192.741
195.186
197.63
200.075
202.519
204.964
207.408
209.852
212.297
214.74
217.185
219.629
222.074
224.517
226.962
229.406
231.851
234.295
236.74
239.184
241.628
219.892
221.429
206.961
193.038
194.147
183.82
179.991
176.162
172.332
168.504
164.675
160.845
157.016
153.188
149.358
145.529
141.699
137.871
134.042
130.213
126.384
122.555
118.726
114.896
111.068
107.238
103.41
99.5807
95.7514
91.9223
88.0933
84.2644
80.4352
76.6061
72.7768
68.9482
65.1191
61.2904
57.4607
53.6318
49.8028
60.178
56.8813
62.9869
68.7727
65.7279
69.4014
69.2574
69.1135
68.9693
68.8255
68.6815
68.5377
68.3938
68.25
68.1059
67.962
67.8179
67.674
67.5303
67.3863
67.2424
67.0982
66.9545
66.8107
66.6665
66.5226
66.3786
66.2347
66.091
65.947
65.803
65.6591
65.5151
65.3712
65.2271
65.0835
64.9393
64.7955
64.6514
64.5076
64.3637
64.2197
64.0758
63.9317
63.7879
63.644
63.5002
63.3562
63.2121
63.0683
62.9242
62.7804
62.6365
62.4925
62.3487
62.2048
62.0609
61.9169
61.7728
61.6289
61.485
61.3412
61.1972
61.0533
60.9095
60.7655
60.6214
60.4776
60.3334
60.1897
60.0459
59.9019
59.7579
59.6139
59.4702
59.3262
59.1822
59.0383
58.8942
58.7503
58.6065
58.4624
58.3187
58.1747
58.0307
57.8869
57.743
57.5988
57.4548
57.3109
57.167
57.0234
56.8792
56.7355
56.5914
56.4474
56.3035
56.1597
56.0156
55.8717
55.7279
55.5838
55.44
55.2959
55.1521
55.0082
54.8644
54.7203
54.5764
54.4323
54.2884
54.1445
54.0007
53.8567
53.7127
53.569
53.425
53.2811
53.1371
52.993
52.8492
52.7052
52.5614
52.4173
52.2735
52.1296
51.9857
51.8418
51.6978
51.5539
51.4099
51.2659
52.2662
52.1653
52.8217
53.4522
53.3714
53.8319
53.9848
54.1378
54.2907
54.4436
54.5967
54.7494
54.9025
55.0552
55.2084
55.3613
55.5142
55.6672
55.82
55.9729
56.1259
56.2788
56.4317
56.5847
56.7376
56.8907
57.0435
57.1964
57.3494
57.5022
57.6553
57.8082
57.9611
58.1141
58.267
58.42
58.5728
58.7256
58.8786
59.0317
59.1846
59.3376
59.4904
59.6434
59.7964
59.9492
60.1022
60.2551
60.4081
60.561
60.7139
60.8669
61.0197
61.1726
61.3255
61.4783
61.6314
61.7843
61.9375
62.0904
62.2431
62.3962
62.5491
62.7022
62.855
63.008
63.1607
63.3137
63.4668
63.6198
63.7724
63.9252
64.0783
64.2313
64.3842
64.5373
64.6902
64.8431
64.9961
65.1491
65.3018
65.4548
65.6076
65.7606
65.9137
66.0666
66.2194
66.3723
66.5251
66.6782
66.8311
66.984
67.1371
67.2901
67.443
67.5958
67.7489
67.9016
68.0547
68.2075
68.3605
68.5134
68.6665
68.8195
68.9723
69.1251
69.2781
69.4308
69.584
69.737
69.8899
70.043
70.1959
70.3485
70.5015
70.6544
70.8073
70.9606
71.1134
71.2662
71.4191
71.572
71.7249
71.8779
72.0308
72.1839
72.3367
72.4896
72.6425
72.7957
72.9486
73.1012
73.2543
73.4074
73.5601
73.713
73.8663
74.019
74.1718
74.3249
74.4778
74.6309
74.7836
74.9366
75.0895
75.2425
75.3953
75.5482
75.7012
75.8541
76.0071
76.16
76.3132
76.4659
76.6188
76.7718
76.9245
77.0777
77.2307
77.3837
77.5364
77.6893
77.8424
77.9955
78.1483
78.3012
78.4539
78.6067
78.7598
78.9129
82.4304
82.7094
85.2154
87.6455
87.9847
89.9143
90.9403
91.9659
92.9917
94.0178
95.0436
96.0692
97.0949
98.1208
99.1464
100.172
101.198
102.224
103.25
104.276
105.301
106.327
107.353
108.379
109.405
110.431
111.456
112.482
113.508
114.533
115.56
116.585
117.611
118.637
119.663
120.689
121.715
122.74
123.766
124.792
125.818
126.843
127.869
128.895
129.921
130.947
131.972
132.998
134.024
135.05
136.076
137.102
138.127
139.153
140.178
141.205
142.23
143.256
144.282
145.308
146.334
147.36
148.385
149.411
150.437
151.463
152.488
153.514
154.54
155.566
156.592
157.617
158.643
159.669
160.695
161.721
162.747
163.772
164.798
165.824
166.85
167.876
168.901
169.927
170.953
171.979
173.005
174.031
175.056
176.082
177.108
178.133
179.16
180.185
181.211
182.237
183.263
184.288
185.314
186.34
187.366
188.391
189.418
190.443
191.469
192.495
193.52
194.547
195.573
196.599
197.624
198.65
199.676
200.701
201.728
202.753
205.221
206.3
208.335
210.337
211.442
213.23
214.63
216.029
217.43
218.83
220.23
221.63
223.03
224.43
225.83
227.229
228.629
230.029
231.428
232.829
234.229
235.629
237.029
238.428
239.829
234.92
236.084
233.071
230.2
231.251
229.319
229.083
228.845
228.609
228.372
228.136
227.899
227.662
227.425
227.188
226.951
226.714
226.478
226.24
226.004
225.767
225.53
225.293
225.056
224.819
224.583
224.346
224.109
223.873
223.635
223.398
223.162
222.925
222.689
222.452
222.214
221.978
221.741
206.731
205.94
195.371
185.134
184.082
176.042
171.972
167.903
163.833
159.764
155.694
151.625
147.555
143.486
139.416
135.346
131.277
127.207
123.138
119.068
114.999
110.929
106.86
102.79
98.7207
94.6512
90.5811
86.5119
82.4422
78.3724
74.3029
70.2336
66.1641
62.0945
58.0251
53.9555
49.8859
45.8164
41.7467
37.6774
33.6079
29.5383
25.4686
49.4044
46.3842
61.9012
76.7872
74.2647
84.9864
88.1823
91.3783
94.5742
97.7701
100.966
104.162
107.358
110.554
113.75
116.945
120.141
123.337
126.533
129.729
132.925
136.121
139.317
142.512
145.709
148.904
152.101
155.296
158.493
161.688
164.884
168.08
171.276
174.472
177.668
180.863
184.059
187.255
190.451
193.647
196.843
200.039
203.235
206.431
209.626
212.822
216.019
219.214
222.41
225.606
228.802
216.164
218.766
210.887
203.365
205.687
200.519
199.607
198.695
197.782
196.871
195.958
195.046
194.134
193.222
192.31
191.398
190.486
189.574
188.662
187.749
186.838
185.925
185.014
184.102
183.189
182.277
181.365
180.453
179.54
178.629
177.716
176.804
175.893
174.98
174.068
173.156
172.244
171.332
170.419
169.507
168.595
167.683
166.771
165.859
164.947
164.035
163.122
162.211
161.298
160.386
159.474
158.562
157.65
156.738
155.826
154.913
154.002
153.089
152.177
151.265
150.353
149.441
148.528
147.617
146.704
145.793
144.88
143.968
143.056
142.144
141.232
140.32
139.407
138.495
137.583
136.671
135.759
134.847
133.935
133.022
132.111
131.198
130.286
129.374
128.462
127.55
126.638
125.726
124.813
123.902
122.99
122.078
121.165
120.253
119.341
118.429
117.517
116.605
115.693
114.781
113.868
112.956
112.044
111.132
110.22
109.308
108.396
107.483
106.572
105.659
104.748
103.835
102.923
102.011
101.099
100.186
99.2746
98.3625
97.4503
96.5381
95.626
94.7139
93.8019
92.8898
91.9776
91.0657
90.1532
89.2412
88.3292
87.4172
86.505
85.5928
84.6808
83.7685
82.8566
81.9443
81.0324
80.1202
79.2082
78.2959
77.3842
76.4719
75.5596
74.6475
73.7356
72.8236
71.9114
70.9991
78.2601
77.6544
82.4583
87.0785
86.6176
90.0224
91.2306
92.4391
93.6472
94.8556
96.0637
97.2722
98.4806
99.6886
100.897
102.105
103.314
104.522
105.73
106.938
108.146
109.354
110.563
111.771
112.979
114.188
115.396
116.604
117.812
119.021
120.229
121.437
122.645
123.854
125.062
126.27
127.479
128.687
129.895
131.103
132.312
133.52
134.728
135.937
137.145
138.353
139.561
140.77
127.781
128.457
119.736
111.335
111.759
105.469
102.995
100.52
98.0447
95.5697
93.0951
90.6201
88.1456
85.6703
83.1956
80.7207
78.2458
75.7708
73.296
70.8214
68.3465
65.8717
63.3967
60.922
58.4468
55.9724
53.4972
51.0223
48.5475
46.0726
43.5978
41.1231
38.6481
36.1733
33.6984
31.2236
28.7487
26.2739
23.7988
21.3242
33.9857
32.0781
40.1895
47.9601
46.3213
51.8411
53.2931
54.7452
56.1972
57.6493
59.1011
60.5534
62.0053
63.4575
64.9096
66.3616
67.8136
69.2657
70.7177
72.1698
73.6217
75.0739
76.5259
77.9779
79.4299
80.882
82.334
83.786
85.2382
86.6901
88.1421
89.5944
91.0462
92.4984
93.9505
95.4025
96.8545
98.3064
99.7586
101.211
102.663
104.115
105.567
107.019
108.471
109.923
111.374
112.827
114.279
115.731
117.183
118.635
120.087
121.539
122.991
124.443
125.895
127.347
128.799
130.252
131.704
133.155
134.608
136.06
137.512
138.964
140.416
141.868
143.32
144.772
146.224
147.676
149.128
150.58
152.032
153.484
154.936
156.389
157.84
159.293
160.745
162.196
163.649
165.101
166.552
168.005
169.457
170.909
172.36
173.813
175.265
176.717
178.169
179.621
181.073
182.525
183.977
185.43
186.881
188.333
189.785
191.238
192.69
194.142
195.595
197.046
198.498
199.95
201.402
202.855
204.305
205.758
207.21
208.663
210.114
211.566
213.019
214.47
215.923
217.374
218.827
220.279
221.731
223.183
224.635
226.087
227.539
228.991
230.443
231.895
233.347
234.8
236.251
237.703
239.155
240.607
242.059
243.511
244.964
246.416
247.868
249.319
250.772
252.224
253.675
255.128
256.58
258.032
259.484
260.936
262.387
263.84
265.293
266.745
268.196
269.648
271.101
272.553
274.004
275.457
276.909
278.361
279.812
281.264
282.717
284.169
285.622
287.073
288.524
289.977
291.43
292.882
294.334
295.785
297.237
298.69
300.142
301.593
303.046
304.499
305.949
307.402
308.853
310.306
311.758
313.21
314.663
316.114
301.979
302.847
293.398
284.3
284.89
278.111
275.519
272.927
270.335
267.744
265.152
262.56
259.969
257.377
254.784
252.193
249.602
247.01
244.419
241.827
239.235
236.643
234.052
231.46
228.868
226.277
223.685
221.093
218.502
215.909
213.318
210.727
208.134
205.543
202.951
200.359
197.767
195.176
192.583
189.992
187.401
184.809
182.218
179.625
177.034
174.442
171.851
169.259
166.668
161.916
159.244
155.141
151.087
148.377
144.644
141.492
138.34
135.188
132.036
128.884
125.732
122.581
119.428
116.276
113.124
109.972
106.82
103.668
100.516
97.3639
94.212
91.0605
87.9081
84.7559
81.6039
78.4522
75.2999
72.1482
68.996
65.844
62.6918
59.5399
56.388
53.2359
50.0841
46.9322
43.7801
40.628
37.4761
34.3241
31.1721
28.0202
24.8682
21.7162
18.5642
41.9798
39.8234
55.2527
70.0833
68.3988
79.2791
83.0197
86.7601
90.5005
94.2412
97.9817
101.722
105.463
109.203
112.944
116.684
120.425
124.166
127.906
131.646
135.387
139.128
142.868
146.609
150.349
154.09
157.83
161.571
165.311
169.052
172.792
176.533
180.273
184.014
187.755
191.495
195.235
198.976
202.717
206.457
210.197
213.938
217.679
221.419
225.159
228.901
232.641
236.381
240.122
243.863
247.603
251.344
255.084
258.825
242.758
245.756
235.644
225.978
228.625
221.904
220.505
219.108
217.709
216.311
214.913
213.516
212.117
210.719
209.321
207.923
206.525
205.127
203.729
202.331
200.932
199.534
198.137
196.738
195.341
193.943
192.544
191.146
189.747
188.35
186.952
185.554
184.156
182.757
181.36
179.962
178.564
177.166
175.767
174.368
172.971
171.573
170.175
168.777
167.379
165.98
164.583
163.185
161.787
160.389
158.99
157.592
156.194
154.796
153.398
152.0
150.602
149.204
147.806
146.408
145.009
143.612
142.214
140.815
139.417
138.019
136.621
135.223
133.825
132.427
131.029
129.631
128.233
126.834
125.436
124.038
122.64
121.242
119.845
118.446
117.048
115.65
114.252
112.853
111.456
110.058
108.66
107.262
105.864
104.465
103.067
101.669
100.271
98.8729
97.4749
96.0772
94.6789
93.2809
91.8828
90.4847
89.0867
87.6886
86.2904
84.8926
83.4945
82.0962
80.6983
79.3
79.865
78.5404
78.5152
78.4458
77.1562
76.7947
75.9059
75.0169
74.1284
73.2395
72.3505
71.4617
70.5731
69.6841
68.7952
67.9063
67.0174
66.1285
65.24
64.3511
63.4622
62.5734
61.6843
60.7956
59.9069
59.018
58.1291
57.2402
56.3516
55.4626
54.5737
53.685
52.7961
51.9073
51.0184
50.1296
49.2408
48.352
47.4631
46.5742
45.6853
44.7964
43.9078
43.0189
42.1299
41.2412
40.3522
39.4636
38.5747
37.6859
36.797
35.9081
35.0192
34.1305
33.2416
32.3528
31.4639
30.5751
29.6863
28.7974
27.9085
27.0198
26.1309
30.9624
30.2879
33.3999
36.383
35.81
37.9425
38.5377
39.1328
39.7281
40.3234
40.9185
41.5137
42.1089
42.7042
43.2993
43.8946
44.4898
45.0849
45.6802
46.2754
46.8706
47.4657
48.0609
48.6562
49.2514
49.8466
50.4419
51.037
51.6322
52.2273
52.8227
53.4178
54.013
54.6082
55.2032
55.7987
56.3938
56.9891
57.5842
58.1794
58.7747
59.3698
59.9651
60.5602
61.1553
61.7508
62.346
62.9412
63.5362
64.1315
64.7266
65.322
65.9171
66.5123
67.1076
67.7028
68.298
68.8932
69.4885
70.0835
70.6785
71.2738
71.8692
72.4644
73.0597
73.6548
74.2501
74.8452
75.4402
76.0355
76.6308
77.226
77.8211
78.4165
79.0117
79.6069
80.2021
80.7971
81.3924
81.9876
82.5828
83.1778
83.7734
84.3685
106.548
107.952
123.642
138.847
140.634
152.63
158.824
165.019
171.214
177.408
183.604
189.798
195.993
202.188
208.382
214.577
220.772
226.967
233.162
239.357
245.552
251.746
257.941
264.136
270.33
276.525
282.72
288.914
295.109
301.304
307.498
313.694
319.89
326.083
332.279
338.473
344.668
350.863
357.058
363.253
369.447
348.844
354.035
341.486
329.543
334.258
326.298
325.541
324.783
324.025
323.268
322.51
321.753
320.996
320.238
319.48
318.723
317.965
317.208
316.45
315.693
314.935
314.178
313.42
312.663
311.905
311.148
310.39
309.632
308.875
308.118
307.36
306.602
305.845
305.086
304.33
303.571
302.814
302.056
301.3
300.542
299.785
299.027
298.269
297.512
296.756
295.998
295.239
294.482
293.725
292.966
292.21
291.451
290.694
289.936
289.179
288.421
287.665
286.907
286.149
285.391
284.634
283.877
283.119
282.361
281.603
280.845
280.088
279.331
278.573
277.815
277.058
276.302
275.544
274.786
274.028
273.271
272.513
271.755
270.998
270.241
269.483
268.726
267.968
267.211
266.453
265.695
264.938
264.181
263.422
262.666
261.908
261.15
260.392
259.636
258.878
258.12
257.363
256.605
255.848
257.871
257.217
258.406
259.53
258.926
259.637
259.601
259.565
259.529
259.492
259.457
259.421
259.384
259.348
259.313
259.276
259.241
259.204
259.167
259.133
259.096
259.06
259.023
258.988
258.951
258.915
258.879
258.844
258.807
258.771
258.735
258.7
258.662
258.627
258.591
258.554
258.518
258.482
258.446
258.41
258.374
258.337
258.302
258.266
258.23
258.194
258.158
258.122
258.086
258.049
258.014
257.978
257.942
257.905
257.869
257.833
257.797
257.761
257.725
257.689
257.653
257.617
257.581
257.545
257.507
257.473
257.436
257.4
257.364
257.328
257.292
257.256
257.22
257.184
257.148
257.111
257.075
257.039
257.003
256.967
256.931
256.895
256.859
256.823
256.787
256.751
256.714
256.679
256.643
256.606
256.571
256.534
256.498
256.462
256.426
256.39
256.354
256.319
256.282
256.246
256.21
256.173
256.137
256.102
256.065
256.029
255.992
255.957
255.921
255.885
255.849
255.813
255.776
255.741
255.705
255.669
255.632
255.596
255.56
255.524
255.488
255.452
255.415
255.379
255.344
255.307
255.272
255.235
255.199
255.163
255.127
255.091
255.055
255.019
254.982
254.946
254.911
254.875
254.839
254.802
254.766
254.73
254.694
254.658
254.622
254.586
254.55
254.514
254.477
254.441
254.405
254.37
254.333
254.298
254.261
254.225
254.189
254.153
254.116
254.08
254.045
254.008
253.974
253.937
253.9
253.864
253.827
253.792
253.757
253.719
253.684
253.648
253.611
253.575
253.539
253.503
253.467
253.431
253.395
253.359
253.323
253.286
253.251
253.214
253.179
253.142
253.106
253.071
253.035
252.999
252.962
252.926
252.89
252.854
248.971
248.79
246.064
243.424
243.176
241.107
240.073
239.039
238.005
236.971
235.937
234.903
233.868
232.835
231.801
230.766
229.731
228.697
227.664
226.629
225.595
224.561
223.527
222.492
221.458
220.425
219.39
218.356
217.322
216.288
215.254
214.22
213.185
212.151
211.118
210.084
209.049
208.015
206.981
205.947
204.913
203.878
202.844
201.81
200.776
199.742
198.708
197.674
196.64
195.606
194.571
193.537
192.503
191.469
190.435
189.401
188.367
187.332
186.299
185.264
184.23
183.196
182.161
181.128
180.094
179.059
178.026
176.991
175.957
174.923
173.889
172.854
171.82
170.786
169.752
168.718
167.684
166.649
165.616
164.581
163.547
162.513
161.479
160.445
159.411
158.376
157.342
156.309
155.274
154.241
153.206
152.172
151.137
150.104
149.069
148.035
147.001
145.967
144.933
143.899
142.865
141.831
140.797
139.762
138.728
137.694
136.66
135.626
134.592
133.557
132.523
131.489
130.455
129.421
128.387
127.353
126.319
129.876
129.013
131.191
133.264
132.484
133.874
134.031
134.189
134.346
134.502
134.66
134.817
134.974
135.131
135.288
135.445
135.602
135.759
135.916
136.073
136.23
136.387
136.544
136.701
136.858
137.015
137.172
137.329
137.486
137.643
137.8
137.957
138.114
138.271
138.428
138.585
138.742
138.899
139.056
139.214
139.37
139.527
139.684
139.841
139.998
140.155
140.312
140.469
140.626
140.783
140.94
141.097
141.255
141.411
141.568
141.726
141.882
142.04
142.197
142.353
142.51
142.668
142.824
142.981
143.138
143.296
143.453
143.61
143.767
143.923
144.08
144.238
144.395
144.552
144.709
144.866
145.022
145.18
145.337
145.494
145.651
145.808
145.965
146.122
146.279
146.436
146.593
146.75
146.907
147.064
147.222
147.378
147.535
147.692
147.849
148.006
148.163
148.32
148.477
148.634
148.791
148.948
149.105
149.262
149.419
149.576
149.733
149.89
150.048
150.204
150.361
150.519
150.675
150.832
150.99
151.146
151.303
151.46
151.617
151.775
151.931
148.304
148.319
145.829
143.425
143.373
141.532
140.707
139.882
139.057
138.232
137.408
136.583
135.757
134.933
134.108
133.284
132.459
131.634
130.809
129.985
129.16
128.335
127.51
126.685
125.861
125.036
124.211
123.386
122.561
121.737
120.912
120.087
119.262
118.437
117.613
116.788
115.963
115.139
114.314
113.489
112.664
111.84
111.015
110.19
109.365
108.541
107.716
106.891
106.066
105.242
104.416
103.592
102.767
101.942
101.118
100.293
99.4678
98.6433
97.8182
96.9937
96.169
95.3444
94.5195
93.6945
92.8695
92.0448
91.22
90.3954
89.5707
88.746
87.9214
87.0963
86.2719
85.4468
84.6219
83.7971
82.9725
82.1476
81.3232
80.4983
79.6733
78.8485
78.0241
77.199
76.3743
75.5495
74.7247
73.8998
73.0754
72.2505
71.4259
70.6008
69.776
68.9515
68.1267
67.3017
66.4771
65.6523
64.8277
64.0029
63.178
62.3532
61.5286
60.7037
59.8789
59.0542
58.2295
57.4046
56.5798
55.7551
54.9301
54.1055
53.2808
52.4559
51.6313
50.8064
49.9818
49.157
48.3322
47.5073
46.6827
45.8578
45.033
44.2084
43.3836
42.5588
41.7341
40.9092
40.0844
39.2596
38.4349
37.6102
36.7854
35.9607
35.1359
34.311
33.4864
36.3439
35.6571
37.4079
39.0757
38.4544
39.5745
39.705
39.8355
39.9661
40.0967
40.2274
40.3579
40.4885
40.619
40.7497
40.8801
41.0108
41.1414
41.2719
41.4025
41.5331
41.6637
41.7942
41.9248
42.0554
42.186
42.3165
42.4471
42.5779
42.7084
42.8387
42.9695
43.0999
43.2307
43.3611
43.4918
43.6223
43.7528
43.8834
44.0141
44.1446
44.2751
44.4057
44.5363
44.6668
44.7975
44.928
45.0587
45.1894
45.3199
45.4503
45.5809
45.7115
45.8421
45.9727
46.1033
46.2338
46.3643
46.4951
46.6255
46.7561
46.8867
47.0173
47.1479
47.2784
47.4091
47.5397
47.6702
47.8007
47.9312
48.0619
48.1926
48.3231
48.4536
48.5843
48.7148
48.8455
48.9759
49.1064
49.237
49.3677
49.4983
49.6288
49.7594
49.8901
50.0206
50.1511
50.2817
50.4124
50.5427
50.6734
50.8039
50.9346
51.0652
51.1957
51.3263
51.4569
51.5876
51.7182
51.8488
51.9792
52.1098
52.2404
52.3711
52.5015
52.6321
52.7627
52.8933
53.0238
53.1545
53.2852
53.4156
53.5461
53.6767
53.8073
53.9379
54.0685
54.199
54.3296
54.4602
54.5909
54.7214
54.852
54.9825
55.1132
55.2436
55.3743
55.5047
55.6354
55.766
55.8965
56.0271
56.1577
56.2882
56.4188
56.5495
56.6799
56.8107
56.9412
57.0716
57.2024
57.3329
57.4635
57.5941
57.7246
57.8552
57.9859
58.1164
58.2468
58.3774
58.5082
58.6385
58.7691
58.9
59.0302
59.1611
59.2915
59.4222
59.5527
59.6832
59.8139
59.9446
60.0751
60.2057
60.3362
60.4668
60.5973
60.7279
60.8583
60.9892
61.1195
61.2501
61.3806
61.5115
61.642
61.7723
61.9031
62.0337
62.1643
62.2948
62.4255
62.5558
62.6865
62.8171
62.9476
63.0782
63.2089
63.3394
63.47
63.6006
63.7311
63.8618
63.9922
64.1228
64.2535
64.3839
64.5147
64.6453
64.7758
64.9063
65.0369
65.1674
65.298
65.4286
65.5593
65.6899
65.8203
65.9509
66.0815
66.212
66.3428
66.4731
66.604
66.7345
66.8651
66.9956
67.126
67.2566
67.3874
67.5178
67.6486
67.7791
67.9096
68.0404
68.1709
68.3013
68.4317
68.5624
68.6932
68.8235
68.9545
69.0848
69.2154
69.3458
69.4765
69.607
69.7375
69.8685
69.9988
70.1293
70.2599
70.3907
70.521
70.6518
70.7824
70.9129
71.0434
71.174
71.3046
71.4352
71.5657
71.6964
71.827
71.9576
72.088
72.2188
72.3492
72.4798
72.6103
72.741
72.8715
73.002
73.1328
73.2631
73.3938
73.5245
73.6551
73.7856
73.9162
74.0467
74.1771
74.3079
74.4383
74.5691
74.6997
74.8303
74.961
75.0913
75.2219
75.3525
75.4832
75.6136
75.7442
75.8748
76.0054
76.1359
76.2665
76.3971
76.5276
76.6581
76.7888
75.5687
75.6487
74.8345
74.051
74.1068
73.5237
73.3042
73.0843
72.8644
72.6445
72.4247
72.2049
71.985
71.7652
71.5453
71.3256
71.1057
70.886
70.6662
70.4461
70.2262
70.0066
69.7865
69.5669
69.3472
69.1271
68.9073
68.6876
68.4676
68.2476
68.028
67.808
67.5882
67.3684
67.1486
66.9285
66.7089
66.4889
66.2691
66.0493
65.8294
65.6096
65.3897
65.1701
64.9501
64.7302
64.5102
64.2905
64.0707
63.8508
63.6309
63.411
63.1913
62.9714
62.7516
62.5318
62.3121
62.0922
61.8723
61.6523
61.4324
61.2126
60.9928
60.7729
60.5532
60.3331
60.1133
59.8935
59.6737
59.4538
59.2341
59.0142
58.7943
58.5745
58.3546
58.1347
57.915
57.695
57.4752
57.2554
57.0355
56.8156
56.5958
56.3761
56.1561
55.9362
55.7165
55.4966
55.2768
55.057
54.8372
54.6174
54.3975
54.1774
53.9578
53.7378
53.518
53.2981
53.0784
52.8585
52.6386
52.4188
52.1989
51.9792
51.7593
51.5394
51.3195
51.0998
50.8798
50.6601
50.4403
50.2203
50.0006
49.7806
49.5608
49.341
49.1211
48.9012
48.6815
48.4618
48.2418
48.0218
47.802
47.5821
47.3623
47.1425
46.9226
46.7026
46.4832
46.2631
46.0433
45.8234
45.6036
45.3839
45.1639
44.944
44.7241
44.5044
44.2844
44.0647
43.8448
51.2993
51.3671
56.5146
61.4894
61.6934
65.527
67.2979
69.0692
70.8403
72.6114
74.3826
76.1538
77.9249
79.6959
81.4672
83.2384
85.0095
86.7804
88.5519
90.3227
92.094
93.8651
95.6363
97.4076
99.1788
100.95
102.721
104.492
106.263
108.034
109.805
111.576
113.348
115.119
116.89
118.661
120.432
122.204
123.975
125.746
127.517
129.288
131.059
132.83
134.602
136.373
138.144
139.915
141.686
143.457
145.228
146.999
148.77
150.542
152.313
154.084
155.855
157.626
159.397
161.168
162.94
164.711
166.482
168.254
170.025
171.795
173.567
175.338
177.109
178.88
180.651
182.422
184.194
185.964
187.736
189.507
191.278
193.05
194.821
196.592
198.363
200.134
201.905
203.676
205.447
207.219
208.99
210.761
212.532
214.303
216.074
217.845
219.616
221.388
223.159
224.93
226.701
228.472
230.243
232.014
233.786
235.557
237.327
239.099
240.87
242.641
244.413
246.184
247.955
249.726
251.498
253.268
255.04
256.811
258.582
260.354
262.124
263.896
265.666
267.438
269.208
270.98
272.751
274.522
276.294
278.064
279.835
281.606
283.378
285.149
286.92
288.692
290.462
292.234
294.005
295.775
297.547
299.318
301.089
302.861
304.632
306.402
308.173
309.945
311.716
313.488
315.258
317.029
318.801
320.572
322.343
324.114
325.886
317.132
318.509
312.919
307.567
308.757
304.968
304.01
303.05
302.09
301.132
300.173
299.214
298.255
297.295
296.335
295.376
294.417
293.458
292.499
291.54
290.58
289.621
288.661
287.702
286.744
285.784
284.824
283.865
282.906
281.947
280.988
280.028
279.069
278.109
277.151
276.192
275.232
274.273
273.313
272.354
271.394
270.436
269.477
268.518
267.558
266.599
265.639
264.68
263.722
262.761
261.803
260.843
259.885
258.925
257.966
257.006
256.047
255.088
254.128
253.17
252.21
251.252
250.292
249.332
248.374
247.414
246.455
245.496
244.536
243.577
242.618
241.658
240.7
239.74
238.781
237.821
236.862
235.903
234.944
233.985
233.025
232.066
231.106
230.148
229.188
228.229
227.269
226.31
225.352
224.392
223.433
222.473
221.514
220.555
219.595
218.636
217.678
216.718
215.759
214.8
213.84
212.881
211.921
210.962
210.003
209.044
208.085
207.125
206.166
205.207
204.248
203.289
202.329
201.37
200.41
199.451
198.492
197.533
196.574
195.614
194.655
193.696
192.737
191.778
190.818
189.86
188.899
187.94
186.982
186.022
185.063
184.103
183.145
182.185
181.226
180.266
179.307
178.348
177.389
176.429
175.471
174.511
173.551
172.593
171.633
170.674
169.715
168.756
167.796
166.837
165.878
164.918
163.959
163.0
162.04
161.08
160.122
159.163
158.204
157.244
156.285
155.326
154.367
153.407
152.448
151.489
150.529
149.571
148.611
147.652
146.693
145.734
141.149
140.053
136.558
133.145
131.985
129.111
127.211
125.311
123.411
121.511
119.611
117.712
115.812
113.912
112.012
110.112
108.212
106.312
104.412
102.512
100.612
98.7127
96.813
94.9124
93.0129
91.1129
89.2128
87.3131
85.4132
83.5136
81.6134
79.7136
77.8135
75.9137
74.0137
72.1139
70.2139
68.3145
66.4143
64.5143
62.6148
60.7145
58.8145
56.915
55.015
53.1152
51.215
49.3152
47.4154
45.5154
43.6156
41.7157
39.8159
37.916
36.0161
34.1161
32.2164
30.3163
28.4165
26.5166
36.4952
35.0403
41.448
47.5883
46.3444
50.7183
51.9001
53.0819
54.2636
55.4453
56.627
57.8088
58.9906
60.1722
61.3541
62.5359
63.7175
64.8994
66.081
67.2628
68.4446
69.6264
70.808
71.9899
73.1717
74.3533
75.535
76.7169
77.8988
79.0807
80.2621
81.4438
82.6258
83.8074
84.9892
86.1707
87.3526
88.5343
89.7161
90.8979
92.0796
93.2612
94.4431
95.625
96.8069
97.9886
99.1702
100.352
101.534
102.715
103.897
105.079
106.261
107.442
108.624
109.806
110.988
112.169
113.351
114.533
115.715
116.897
118.078
119.26
120.442
121.623
117.747
118.738
116.382
114.14
115.042
113.552
113.422
113.291
113.16
113.03
112.899
112.768
112.638
112.507
112.376
112.246
112.115
111.985
111.854
111.723
111.593
111.462
111.331
111.201
111.07
110.939
110.809
110.678
110.547
110.417
110.286
110.155
110.025
109.894
109.764
109.633
109.503
109.372
109.241
109.11
108.98
108.849
108.719
108.588
108.457
108.326
108.196
108.065
107.934
107.804
107.673
107.543
107.412
107.281
107.151
107.02
106.889
106.758
106.628
106.498
106.367
106.236
106.105
105.975
105.844
105.714
105.583
105.452
105.322
105.191
105.06
104.93
104.799
104.668
104.538
104.407
104.276
104.146
104.015
103.884
103.754
103.623
103.492
103.362
103.231
103.101
102.97
102.839
102.709
102.578
102.447
102.317
102.186
102.055
101.924
101.794
101.663
101.533
101.402
101.271
101.141
101.01
100.879
100.749
100.618
100.488
100.357
100.226
100.095
99.9652
99.8344
99.7036
99.573
99.4423
99.3119
99.1814
99.0507
98.9197
98.7894
98.6587
98.5281
98.3973
98.2667
98.1359
98.0052
97.8744
97.7442
97.6132
97.4829
97.3522
97.2218
97.0908
96.9602
96.8295
96.6987
96.5685
96.4375
96.3071
96.1766
96.0458
95.9152
95.7843
95.6539
95.5233
95.3922
95.2619
95.1312
95.0008
94.8698
94.7391
94.6087
94.478
94.3471
94.2168
94.0861
93.9554
93.825
93.6939
93.5634
93.4327
93.3022
93.1716
93.0409
92.9099
92.7798
92.6488
92.5182
92.3877
92.257
92.1263
91.996
91.865
91.7345
91.6037
91.4731
91.3425
91.2118
91.0812
90.9506
90.8198
90.6891
90.5585
90.4279
90.2974
90.1665
90.036
89.9054
89.7747
89.6442
89.5139
89.3828
89.2522
89.1216
88.9909
88.8603
88.7295
88.5988
88.4683
88.3376
93.1716
93.227
96.5685
99.7984
99.9419
102.433
103.591
104.748
105.905
107.063
108.22
109.377
110.535
111.692
112.849
114.007
115.164
116.321
117.479
118.636
119.794
120.951
122.108
123.266
124.423
125.58
126.738
127.895
129.052
130.21
131.367
132.524
133.682
134.839
135.996
137.153
138.311
139.469
140.626
141.783
142.941
144.098
145.255
146.412
147.57
148.727
149.885
151.042
152.199
153.356
154.514
155.671
156.829
157.986
159.143
160.301
161.458
162.615
163.773
164.93
166.087
167.244
168.402
169.559
170.717
171.874
173.031
174.189
175.346
176.504
177.661
178.818
179.975
181.133
182.29
183.448
184.605
185.762
186.92
188.077
189.234
190.391
191.549
192.706
193.863
195.021
196.178
197.336
198.493
199.65
200.808
201.965
203.123
204.28
205.437
206.595
207.752
208.909
210.066
211.224
212.381
213.539
214.696
215.853
217.011
218.167
219.325
220.483
193.787
193.9
175.578
157.882
157.502
143.948
137.879
131.81
125.741
119.673
113.605
107.536
101.467
95.3987
89.33
83.2612
77.1928
71.124
65.0553
58.9867
52.9181
46.8494
40.7808
34.7124
28.6436
22.575
16.5063
10.4378
4.3691
21.8424
16.6562
27.0525
36.9188
32.1505
38.5161
38.5549
38.5939
38.6329
38.6719
38.7108
38.7497
38.7887
38.8277
38.8666
38.9056
38.9446
38.9835
39.0224
39.0614
39.1004
39.1393
39.1782
39.2173
39.2562
39.2952
39.3342
39.3731
39.4121
39.4509
39.49
39.5289
39.5679
39.6068
39.6458
39.6848
39.7237
39.7627
39.8017
39.8406
39.8795
39.9186
39.9574
39.9964
40.0353
40.0744
40.1133
40.1523
40.1912
40.2301
40.2691
40.3081
40.3471
40.3861
40.4249
40.4639
40.5029
40.5419
40.5808
40.6197
40.6588
40.6977
40.7367
40.7756
40.8144
40.8535
40.8925
40.9315
40.9705
41.0094
41.0484
41.0873
41.1261
41.1652
41.2041
41.2431
41.2822
48.1255
48.4194
53.2172
57.8619
58.2767
61.9096
63.7138
65.518
67.3225
69.1266
70.9308
72.7349
74.5393
76.3436
78.1477
79.9522
81.7562
83.5606
85.3648
87.1688
88.9734
90.7776
92.5818
94.3858
96.1902
97.9944
99.7989
101.603
103.407
105.211
107.016
108.82
110.624
112.429
114.233
116.037
117.841
119.645
121.45
123.254
125.058
126.862
128.667
130.471
132.275
134.079
125.679
127.101
121.769
116.666
117.906
114.321
113.478
112.635
111.792
110.949
110.106
109.262
108.419
107.576
106.734
105.89
105.048
104.204
103.361
102.518
101.675
100.832
99.9885
99.1455
98.3024
97.4592
96.6163
95.773
94.9301
94.087
93.244
92.4008
91.5579
90.7146
89.8715
89.0285
88.1855
87.3425
86.4992
85.6559
84.813
83.97
83.1269
82.2836
81.4407
80.5977
79.7546
78.9113
78.0682
77.2253
76.3819
75.5389
74.6959
73.8529
73.0097
72.1666
71.3235
70.4806
69.6374
68.7943
67.9511
67.1082
66.265
65.4221
64.5789
63.736
62.8926
62.0498
61.2066
60.3636
59.5205
58.6774
57.8341
56.991
56.148
55.305
54.4617
53.6188
52.7756
51.9325
51.0894
50.2464
49.4034
48.5604
47.717
46.8739
46.031
45.1878
44.3448
43.5017
42.6585
41.8156
40.9723
40.1292
39.2861
38.4431
37.6
36.7568
35.9137
35.0708
34.2276
33.3844
39.4484
38.8643
42.8519
46.6841
46.2224
49.0274
49.9762
50.925
51.8739
52.8227
53.7716
54.7204
55.6691
56.6179
57.567
58.5157
59.4646
60.4134
61.3621
62.3111
63.2598
64.2085
65.1575
66.1064
67.0551
68.004
68.9529
69.9017
70.8505
71.7992
72.7484
73.697
74.6458
75.5947
76.5433
77.4922
78.4411
79.3899
80.3387
81.2877
82.2364
83.1854
84.1341
85.083
86.0317
86.9805
87.9294
88.8783
89.8269
90.776
91.7245
92.6735
93.6224
94.5713
95.5199
96.4688
97.4175
98.3665
99.3151
100.264
101.213
102.162
103.111
104.059
105.008
105.957
106.906
107.855
108.804
109.752
110.701
111.65
112.599
113.548
114.497
115.446
116.394
117.343
118.292
119.241
120.19
121.139
122.087
123.036
123.985
124.934
125.883
126.831
127.78
128.729
129.678
130.627
131.576
132.524
133.473
134.422
135.371
136.32
137.268
138.217
139.166
140.115
141.063
142.012
142.962
143.91
144.859
145.808
146.757
147.706
148.655
149.604
150.552
151.501
152.449
153.399
154.348
155.296
156.245
157.194
158.143
159.091
160.041
160.989
161.938
162.887
163.835
164.784
165.733
166.682
167.631
168.58
169.528
170.478
171.426
172.376
173.324
174.273
175.222
176.171
177.119
178.068
179.017
179.966
180.915
181.863
182.812
183.761
184.71
185.659
186.608
187.557
188.505
189.454
190.403
191.352
192.301
193.25
194.199
195.147
196.096
197.045
197.994
198.942
199.891
200.84
201.789
202.738
203.687
204.635
205.584
206.534
207.482
208.431
209.379
210.329
211.278
212.226
213.175
214.124
215.072
216.022
216.97
217.92
218.868
219.816
220.765
221.714
222.663
223.612
224.561
225.51
226.459
227.408
228.356
229.305
230.253
231.203
232.151
233.101
234.05
234.998
235.947
236.895
237.845
238.794
239.742
240.691
241.64
242.589
243.537
244.486
245.435
246.384
247.333
248.282
249.231
250.179
251.128
252.076
253.026
253.975
254.923
255.872
256.821
257.77
258.719
259.667
260.616
261.566
262.514
263.463
264.412
265.361
266.31
267.258
268.207
269.156
270.105
271.054
272.002
272.952
273.901
274.849
275.798
276.746
277.696
278.645
279.593
280.543
281.49
282.439
283.388
284.337
285.286
286.236
287.184
288.132
289.082
290.031
290.979
291.927
292.877
293.825
294.775
295.724
296.672
297.62
298.57
299.518
300.468
301.417
302.365
303.314
304.263
305.212
306.16
307.109
308.058
309.007
309.955
310.905
311.854
312.802
313.751
314.699
315.648
316.598
317.546
318.495
319.444
320.393
321.342
322.291
323.238
324.189
325.136
326.086
327.034
327.983
328.932
329.881
330.831
331.779
332.727
333.676
334.626
335.574
336.523
337.473
338.421
339.369
340.318
334.284
334.971
331.037
327.259
327.822
325.083
324.221
323.358
322.496
321.633
320.769
319.907
319.044
318.182
317.319
316.456
315.594
314.731
313.868
313.005
312.143
311.28
310.417
309.556
308.692
307.829
306.967
306.104
305.242
304.379
303.516
302.652
301.791
300.927
300.065
299.202
298.34
297.477
296.614
295.751
294.889
294.027
293.163
292.301
291.438
290.575
289.713
288.85
287.987
287.124
286.261
285.399
284.537
283.673
282.811
281.948
281.086
280.223
279.36
278.497
277.635
276.773
275.909
275.046
274.184
273.322
272.458
271.596
270.734
269.871
269.008
268.145
267.284
266.421
265.557
264.694
263.832
262.97
262.107
261.244
260.381
259.518
258.656
257.794
256.93
256.068
255.206
254.341
253.48
252.617
251.754
250.891
250.03
249.166
248.304
247.441
246.578
245.715
244.853
243.99
243.127
242.264
241.402
240.539
239.677
238.813
237.951
237.088
236.225
235.362
234.5
233.637
232.775
231.912
231.049
230.187
229.323
228.462
227.598
226.735
225.873
225.01
224.147
223.285
222.422
221.559
220.697
219.835
218.971
218.109
217.246
216.383
215.521
214.658
213.795
212.932
212.07
211.207
210.344
209.482
208.619
207.756
206.894
206.031
205.168
204.306
203.444
202.581
201.718
200.855
199.992
199.13
198.266
195.207
194.262
191.863
189.513
188.529
186.506
185.073
183.641
182.209
180.776
179.344
177.911
176.479
175.046
173.613
172.181
170.747
169.315
167.882
166.45
165.017
163.585
162.152
160.719
159.287
157.854
156.421
154.989
153.556
152.124
150.691
149.258
147.826
146.393
144.961
143.528
142.095
140.662
139.23
137.798
136.365
134.932
133.5
132.067
130.634
129.202
127.769
126.336
124.904
123.471
122.039
120.606
119.174
117.741
116.308
114.876
113.443
112.01
110.578
109.145
107.713
106.28
104.847
103.415
101.982
100.55
99.1169
97.684
96.2516
94.8193
93.3866
91.9538
90.5211
89.0886
87.6561
86.2231
84.7906
83.3581
81.9256
80.493
79.0602
77.6279
76.195
74.7626
73.3299
71.8973
70.4646
69.0322
67.5994
66.1667
64.7343
63.3016
61.8691
60.4361
59.0039
57.5712
56.1386
54.7061
53.2732
51.8407
50.4081
48.9755
47.5429
46.1102
51.6466
50.4753
53.9167
57.2011
56.1534
58.4016
58.7771
59.1524
59.5278
59.9031
60.2785
60.654
61.0294
61.4046
61.7801
62.1554
62.5307
62.9061
63.2815
63.6569
64.032
64.4074
64.7829
65.1583
65.5337
65.909
66.2845
66.6599
67.0351
67.4106
67.786
68.1612
68.5368
68.912
69.2875
69.6627
70.0382
70.4136
70.7889
71.1641
71.5397
71.9151
72.2903
72.6658
73.0411
73.4164
73.7919
74.1673
74.5426
74.9181
75.2934
75.6688
76.044
76.4195
76.7949
77.1702
77.5456
77.9211
78.2962
78.6717
79.0471
79.4223
79.7978
80.1733
80.5486
80.9239
81.2993
81.6747
82.0502
82.4256
82.8006
83.1761
83.5516
83.9269
84.3022
84.6777
85.0528
85.4285
85.8039
86.1793
86.5544
86.9301
87.3052
87.6807
88.0562
88.4312
88.8069
89.182
89.5577
89.9331
90.3085
90.6836
91.0592
91.4345
91.8099
92.1853
92.5607
92.9361
93.3113
93.6868
94.062
94.4374
94.8126
95.1881
95.5637
95.9387
96.3139
96.6898
97.0648
97.4402
97.8158
98.191
98.5664
98.9419
99.3171
99.6924
100.068
100.443
100.819
101.194
101.569
101.945
102.32
102.696
103.071
103.446
103.822
104.197
104.573
104.948
105.323
105.699
106.074
106.449
106.825
107.2
107.575
107.951
108.327
108.702
109.077
109.452
109.828
110.203
110.579
110.954
111.329
111.704
112.08
112.456
112.831
113.206
113.581
113.957
114.332
114.708
115.083
115.458
115.833
116.209
116.584
116.96
117.335
117.711
118.086
118.461
118.837
119.212
119.587
119.962
120.338
120.714
121.089
121.464
121.839
122.215
122.59
122.966
123.341
123.717
124.092
124.467
124.843
125.218
125.594
125.969
126.344
126.72
127.095
127.47
127.846
128.221
128.596
128.972
129.347
129.723
130.098
130.473
130.849
131.224
131.599
131.975
132.35
132.726
133.101
133.476
133.852
134.227
134.603
134.978
135.353
135.728
136.104
136.48
136.855
137.23
137.605
137.981
138.356
138.731
139.107
139.482
139.858
140.233
140.608
140.983
141.359
141.734
142.11
142.485
142.861
143.236
143.611
143.987
144.362
144.737
145.113
145.488
145.864
146.239
146.614
146.99
147.365
147.741
148.116
148.491
148.867
149.242
149.617
149.993
150.368
150.743
151.119
151.494
151.869
152.245
152.621
152.996
153.371
153.746
154.122
154.497
154.873
155.248
155.623
155.999
156.374
156.749
157.125
157.5
157.876
158.251
158.626
159.001
159.377
159.752
160.127
160.503
160.879
161.254
161.629
162.005
162.38
162.755
163.131
163.506
163.881
164.257
164.632
165.007
165.383
165.758
166.134
166.509
166.885
167.26
167.635
168.011
168.386
168.761
169.137
169.512
169.887
170.263
170.638
171.014
171.389
171.765
172.14
172.515
172.891
173.266
173.641
174.016
174.392
174.768
175.143
170.384
170.568
167.352
164.253
164.345
162.009
161.052
160.096
159.139
158.183
157.226
156.27
155.314
154.357
153.4
152.444
151.488
150.531
149.574
148.618
147.662
146.705
145.749
144.793
143.836
142.879
141.923
140.967
140.01
139.053
138.097
137.14
136.184
135.228
134.271
133.314
132.358
131.402
130.445
129.489
128.532
127.576
126.619
125.663
124.706
123.75
122.793
121.837
120.88
119.924
118.968
118.011
117.055
116.098
115.142
114.186
113.229
112.272
111.316
110.359
109.403
108.447
107.49
106.533
105.577
104.62
103.664
102.708
101.751
100.794
99.838
98.8816
97.9254
96.9687
96.0123
95.0559
94.0995
93.1429
92.1865
91.2303
90.2735
89.317
88.3608
87.404
86.4473
85.4912
84.5347
83.5781
82.6218
81.6654
80.7086
79.7524
78.7959
77.8394
76.8828
75.9266
74.9701
74.0135
73.0571
72.1006
71.1441
70.1878
69.2311
68.2747
67.3183
66.3618
65.4051
64.4488
63.4923
62.5361
61.5795
60.623
59.6666
58.7102
57.7536
64.8761
64.2225
68.9163
73.4281
72.9179
76.2284
77.368
78.5073
79.6467
80.7865
81.9259
83.0653
84.2046
85.3443
86.4836
87.6233
88.7626
89.9022
91.0416
92.181
93.3204
94.4598
95.5993
96.739
97.8786
99.0179
100.157
101.297
102.436
103.576
104.715
105.855
106.994
108.134
109.273
110.413
111.552
112.691
113.831
114.971
116.11
117.249
118.389
119.528
120.667
121.807
122.947
124.086
125.226
126.365
127.504
128.644
129.783
130.923
132.063
133.202
134.341
135.481
136.62
137.76
138.899
140.039
141.178
142.318
143.457
144.597
145.736
146.876
148.015
149.155
150.294
151.433
152.573
153.712
154.852
155.991
157.131
158.27
159.41
160.549
161.689
162.829
163.968
165.108
166.247
167.386
168.526
169.665
170.804
171.944
173.084
174.223
175.363
176.502
177.641
178.781
179.92
181.06
182.199
183.338
184.478
185.617
186.757
187.897
189.036
190.176
191.315
192.455
193.594
194.733
195.873
197.013
198.152
199.292
200.431
201.57
202.71
203.85
204.989
206.129
207.268
208.408
209.547
210.686
211.826
212.965
214.105
215.244
216.383
217.523
218.662
219.802
220.942
222.081
223.22
224.36
225.499
226.639
227.779
228.918
230.057
231.196
232.336
233.476
234.615
235.755
236.894
238.034
239.173
240.312
241.452
242.592
243.731
244.871
246.01
247.149
248.289
249.428
250.567
251.707
252.847
253.986
255.126
256.265
257.404
258.545
259.684
260.823
261.962
263.102
264.242
265.381
260.964
261.895
259.149
256.528
257.36
255.565
255.263
254.96
254.659
254.358
254.055
253.754
253.451
253.149
252.847
252.545
252.242
251.941
251.639
251.336
251.034
250.733
250.431
250.128
249.827
249.524
249.223
248.92
248.619
248.317
248.015
247.713
247.41
247.108
246.806
246.504
246.203
245.901
245.599
245.296
244.995
244.693
244.39
244.089
243.786
243.484
243.183
242.88
242.579
242.277
241.975
241.673
241.371
241.069
240.766
240.464
240.162
239.861
239.559
239.256
238.955
238.652
238.351
238.048
237.746
237.444
237.142
236.841
236.539
236.237
235.934
235.632
235.33
235.029
234.726
234.424
234.122
233.819
233.519
233.216
232.914
232.612
232.31
232.008
231.706
231.404
231.103
230.8
230.498
230.196
229.894
229.592
229.29
228.988
228.686
228.384
228.082
227.78
227.478
227.176
226.874
226.572
226.27
225.968
225.666
225.364
225.062
224.76
224.458
224.155
223.854
223.552
223.25
222.948
222.646
222.344
222.042
221.741
221.438
221.135
220.834
220.532
220.231
219.927
219.625
219.324
219.022
218.72
218.418
218.116
217.813
217.512
217.209
216.908
216.606
216.303
216.001
215.699
215.397
215.096
214.794
214.492
214.189
213.888
213.585
213.284
212.981
212.68
212.377
212.076
211.774
211.471
211.169
210.867
210.565
210.264
209.961
209.659
209.357
209.056
208.753
208.451
208.15
207.848
207.546
207.243
206.941
206.639
206.338
206.036
205.733
205.432
205.129
204.827
204.525
204.223
203.921
203.619
203.317
203.015
202.713
202.411
202.109
201.807
201.505
201.203
200.902
200.599
200.297
199.996
199.693
199.391
199.089
198.787
198.485
198.183
197.881
197.579
197.277
196.975
196.673
196.371
196.068
195.767
195.465
195.163
194.861
194.559
194.257
193.955
193.653
193.35
193.049
192.747
192.445
192.143
191.84
191.539
191.236
190.935
190.633
190.331
190.029
189.727
189.425
189.123
188.821
188.519
188.217
187.914
187.613
187.311
187.008
186.706
186.405
186.103
185.801
185.499
185.197
184.895
184.593
184.291
183.989
183.687
183.384
183.083
182.78
182.478
182.177
181.875
181.573
181.271
180.968
180.666
180.365
180.062
179.761
179.459
179.156
178.854
178.553
178.251
177.948
177.646
177.344
177.042
176.741
176.438
176.136
175.834
175.533
175.23
174.929
174.626
174.324
174.022
173.719
173.418
173.116
172.814
172.512
172.21
171.908
171.606
171.304
171.002
170.7
170.398
170.096
169.794
169.492
169.19
168.888
168.587
168.284
167.982
167.68
167.378
167.076
166.775
166.472
166.17
165.868
165.566
165.264
164.962
164.66
164.358
164.056
163.754
163.452
163.15
162.848
162.546
162.244
161.942
161.64
161.338
161.036
160.734
160.432
160.13
159.828
159.525
159.224
158.922
158.619
158.318
158.016
157.713
157.411
157.11
156.807
156.506
156.204
155.901
155.6
155.297
154.995
154.693
154.392
154.089
153.788
153.486
153.183
152.882
152.579
152.278
151.976
151.674
151.372
151.069
150.767
150.466
150.163
149.862
149.56
149.258
148.955
148.653
148.352
148.05
147.747
147.445
147.144
146.841
146.539
146.237
145.935
145.633
145.331
145.029
144.727
144.426
144.123
143.822
143.519
143.217
142.916
142.614
142.311
142.009
141.707
141.405
141.103
140.801
140.499
140.197
139.895
139.593
139.291
138.989
138.687
138.385
138.083
137.781
137.479
137.177
136.875
136.573
136.271
135.969
135.667
135.365
135.063
134.761
134.459
134.157
133.855
133.553
133.251
132.949
132.647
132.345
132.043
131.74
131.439
131.137
130.835
130.533
130.231
129.929
129.627
129.325
129.023
128.721
128.419
128.117
127.815
127.512
127.21
126.909
126.607
126.305
126.003
125.701
125.399
125.097
124.794
124.493
124.191
123.889
123.587
123.285
122.982
122.681
122.379
122.077
121.774
121.473
121.171
120.868
120.566
120.264
119.963
119.66
119.358
119.057
118.755
118.452
118.15
117.849
117.547
117.245
116.942
116.64
116.338
116.036
115.734
115.432
115.13
114.828
114.526
114.224
113.922
113.621
113.319
113.017
112.714
112.412
112.11
111.808
111.506
111.205
110.902
110.6
110.298
109.996
109.694
109.392
109.09
108.788
108.486
108.184
107.882
107.58
107.278
106.976
106.674
106.372
106.07
105.768
105.466
105.164
104.862
104.56
104.258
103.956
103.654
103.352
103.05
102.748
102.446
102.144
101.842
101.54
101.238
100.936
100.634
100.332
100.03
99.7279
99.4259
99.1238
98.8217
98.52
98.218
97.9158
97.6136
97.3119
97.0099
96.7075
96.4059
96.1038
95.8018
95.4997
95.1978
94.8957
94.5936
94.2917
93.9899
93.6878
93.3856
91.3282
90.96
89.4299
87.9396
87.5405
86.3112
85.5536
84.796
84.0387
83.2812
82.5237
81.766
81.0084
80.2511
79.4937
78.7358
77.9785
77.2208
76.4634
75.7056
74.9482
74.1906
73.4331
72.6753
71.918
71.1605
70.403
69.6456
68.888
68.1306
67.3727
66.6155
65.8579
65.1004
64.3429
63.5852
62.8277
62.0702
61.3124
60.5552
59.7977
59.0401
58.2824
57.525
56.7674
56.01
55.2524
54.4948
53.7373
52.9798
52.2223
51.4647
50.7072
49.9497
49.1921
48.4346
47.6771
46.9194
46.1619
45.4045
44.6469
43.8893
43.1318
42.3742
41.6167
40.8593
42.9604
42.31
43.5519
44.7294
44.1297
44.8821
44.8664
44.8504
44.8346
44.8186
44.8028
44.7869
44.7712
44.7551
44.7394
44.7234
44.7078
44.6916
44.6758
44.6599
44.6442
44.6282
44.6125
44.5964
44.5806
44.5648
44.5488
44.5331
44.5171
44.5013
44.4854
44.4694
44.4537
44.4376
44.4219
44.4059
44.3902
44.3741
44.3584
44.3424
44.3267
44.3108
44.295
44.279
44.263
44.2473
44.2313
44.2156
44.1997
44.1837
44.168
44.152
44.1361
44.1203
44.1044
44.0886
44.0728
44.0569
44.0409
44.025
44.0092
43.9933
43.9775
43.9616
43.9457
43.9298
43.914
43.8981
43.8823
43.8663
43.8505
43.8346
43.8188
43.8028
43.787
43.7711
43.7553
43.7394
43.7236
43.7076
43.6917
43.6758
43.6601
43.6442
43.6283
43.6124
43.5966
43.5805
43.5647
43.5489
43.533
43.517
43.5014
43.4854
43.4696
43.4537
43.4379
43.4219
43.4061
43.3902
43.3745
43.3584
43.3427
43.3267
43.3108
43.295
43.2791
43.2632
43.2473
43.2314
43.2156
43.1998
43.1838
43.168
43.1521
43.1362
43.1203
43.1045
43.0887
43.0726
43.0569
43.0409
43.0251
43.0092
42.9934
42.9776
48.2392
48.421
52.0964
55.6528
55.9284
58.6998
60.0533
61.4065
62.7598
64.1133
65.4665
66.8197
68.173
69.5263
70.8797
72.2329
73.5862
74.9396
76.2931
77.6461
78.9996
80.3528
81.7062
83.0596
84.4131
85.766
87.1195
88.4728
89.826
91.1793
92.5327
93.8857
95.2393
96.5924
97.9456
99.2991
100.652
102.006
103.359
104.712
106.066
107.419
108.772
110.126
111.479
112.832
114.186
115.539
116.892
118.246
119.599
120.952
122.305
123.659
125.012
126.365
127.719
129.072
130.425
131.778
133.132
134.486
135.839
137.192
138.545
139.898
141.252
142.605
143.958
145.311
146.665
148.018
149.371
150.725
152.079
153.431
154.785
156.138
157.492
158.845
160.198
161.551
162.905
164.258
165.611
166.965
168.318
169.671
171.025
172.378
173.731
175.085
176.438
177.791
179.145
180.498
181.851
183.204
184.558
185.911
187.265
188.618
189.971
191.324
192.678
194.031
195.384
196.738
198.091
199.444
200.797
202.151
203.504
204.857
206.211
207.564
208.917
210.271
211.623
212.977
214.331
215.684
217.037
218.39
219.744
221.097
222.451
223.803
225.157
226.51
227.864
229.217
230.57
229.103
230.35
229.731
229.176
230.373
230.237
230.859
231.48
232.102
232.723
233.345
233.966
234.588
235.21
235.831
236.452
237.074
237.696
238.317
238.939
239.561
240.182
240.804
241.426
242.047
242.669
243.29
243.912
244.533
245.155
245.777
246.398
247.02
247.641
248.262
248.885
249.506
250.127
250.75
251.371
251.992
252.615
253.236
253.857
254.479
255.1
255.721
256.343
256.965
257.587
258.208
258.83
259.452
260.073
260.694
261.317
261.938
262.558
263.181
263.803
264.424
265.046
265.668
266.289
266.91
267.533
268.153
268.775
269.397
270.018
270.64
271.261
271.882
272.505
273.126
273.748
274.369
274.991
275.613
276.235
276.856
277.478
278.099
278.72
279.343
279.964
280.585
281.207
281.829
282.45
283.072
283.694
284.314
284.936
285.559
286.18
286.801
287.423
288.044
288.666
289.288
289.909
290.531
291.152
291.774
292.396
293.018
293.64
294.26
294.882
295.503
296.126
296.747
297.368
297.99
298.611
299.233
299.854
300.477
301.098
301.72
302.342
302.963
303.585
304.205
304.827
305.449
306.071
306.692
307.314
307.936
308.558
309.179
309.8
310.421
311.043
311.665
312.286
312.909
313.53
314.152
314.773
315.394
316.016
316.638
317.259
317.882
318.503
319.124
319.746
320.367
320.989
321.61
322.231
322.854
323.475
324.096
324.717
325.34
325.961
326.583
327.205
327.826
328.448
329.069
329.692
330.313
330.934
331.556
332.178
332.799
333.421
334.043
334.663
335.286
335.908
336.528
337.149
337.772
338.395
339.015
339.636
340.258
340.88
341.501
342.123
342.743
343.365
343.987
344.61
345.231
345.852
346.474
347.096
347.717
348.338
348.96
349.581
350.204
350.824
351.447
352.068
352.69
353.311
353.933
354.555
355.176
355.797
356.419
357.041
357.662
358.285
358.906
359.528
360.149
360.771
361.392
362.013
362.635
363.257
363.879
364.5
365.122
365.743
366.365
366.986
367.608
368.229
368.852
369.472
370.094
370.715
371.337
371.959
372.581
373.203
373.824
374.445
375.067
375.688
376.31
376.932
377.553
378.175
378.796
379.419
380.04
380.663
381.282
381.905
382.526
383.147
383.769
384.39
385.012
385.633
386.255
386.878
387.499
388.12
388.742
389.364
389.985
390.606
391.228
391.85
392.472
393.093
393.715
394.336
394.958
395.579
396.201
396.823
397.444
398.066
398.687
399.308
399.93
400.552
401.173
401.794
402.417
403.037
403.659
404.282
404.903
405.524
406.146
406.768
407.39
408.011
408.633
409.255
409.876
410.497
398.428
398.575
390.32
382.352
382.273
376.193
373.52
370.85
368.179
365.509
362.839
360.167
357.497
354.826
352.156
349.485
346.813
344.143
341.473
338.801
336.131
333.459
330.789
328.12
325.448
322.777
320.106
317.436
314.766
312.093
309.423
306.753
304.083
301.411
298.74
296.07
293.399
290.728
288.058
285.386
282.716
280.046
277.375
274.704
272.034
269.363
266.691
264.02
261.35
258.679
256.009
253.337
250.667
247.996
245.326
242.655
239.985
237.313
234.642
231.972
229.301
226.63
223.96
221.289
218.617
215.948
213.276
210.606
207.935
205.265
202.593
199.923
197.252
194.581
191.91
189.24
186.568
183.898
181.227
185.945
183.551
186.048
188.377
186.115
187.346
186.592
185.838
185.083
184.329
183.576
182.822
182.067
181.314
180.56
179.806
179.051
178.297
177.543
176.789
176.035
175.281
174.527
173.773
173.019
172.265
171.511
170.756
170.002
169.248
168.494
167.74
166.986
166.232
165.479
164.724
163.969
163.216
162.462
161.708
160.954
160.199
159.446
158.692
157.938
157.184
156.429
155.676
154.921
154.168
153.414
152.659
151.906
151.151
150.397
149.643
148.889
148.135
147.381
146.627
145.873
145.118
144.364
143.611
142.857
142.102
141.349
140.595
139.84
139.087
138.332
137.578
136.824
136.07
135.316
134.562
133.808
133.053
132.299
131.546
130.792
130.037
129.283
128.529
127.775
127.021
126.268
125.513
124.759
124.005
123.251
122.497
121.743
120.989
120.235
119.481
118.726
117.973
117.218
116.464
115.71
114.956
114.202
113.448
112.694
111.94
111.186
110.432
109.678
108.924
108.17
107.416
106.662
105.908
105.154
104.4
103.646
102.891
102.137
101.383
100.629
99.8752
99.1213
98.3672
97.6133
96.859
96.1051
95.3506
94.5969
93.8429
93.0885
92.3346
91.5804
90.8265
90.0724
89.3183
88.5645
87.81
87.0562
86.3023
85.5481
84.794
84.0401
83.2858
82.5317
81.7779
81.0238
80.27
79.5156
78.7614
78.0077
77.2536
76.4997
75.7452
74.9914
74.2375
73.4833
72.7292
71.9752
71.2212
70.467
69.713
68.9589
68.2049
67.4509
66.6967
65.9428
65.1885
64.4344
63.6805
62.9266
62.1724
61.4183
60.6643
59.9102
59.1563
58.402
57.6482
56.894
56.1401
55.3859
54.6317
53.8777
56.8931
56.2803
58.1627
59.9601
59.4141
60.651
60.875
61.099
61.3225
61.5466
61.7703
61.9943
62.2182
62.442
62.6659
62.8897
63.1137
63.3373
63.5613
63.7853
64.0091
64.2329
64.4568
64.6807
64.9047
65.1284
65.3525
65.5762
65.8
66.0241
66.2477
66.4717
66.6954
66.9193
67.1432
67.3672
67.591
67.8149
68.0386
68.2625
68.4865
68.7105
68.9341
69.1582
69.3817
69.6058
69.8296
70.0535
70.2774
70.5013
70.7252
70.949
71.1729
71.3966
71.6206
71.8446
72.0682
72.2922
72.5161
72.7399
72.9636
73.1875
73.4113
73.6354
73.8595
74.083
74.3071
74.531
74.7546
74.9788
75.2024
75.4264
75.6503
75.8741
76.0979
76.3219
76.5457
76.7694
76.9933
77.217
77.4412
77.6651
77.8887
78.1127
78.3367
78.5607
78.7842
79.008
79.2321
79.4559
79.6797
79.9035
80.1274
80.3515
80.5753
80.7993
81.023
81.2471
81.4708
81.6948
81.9187
82.1425
82.3664
82.5902
82.8141
83.0379
83.2616
83.4856
83.7094
83.9334
84.1574
84.381
84.605
84.8288
85.0528
85.2767
85.5004
85.7244
85.9482
86.1721
86.3958
86.6197
86.8436
87.0675
87.2913
87.5149
87.7392
87.963
88.1867
88.4107
88.6346
88.8586
89.0824
89.3061
93.7448
94.1266
97.2982
100.375
100.831
103.281
104.599
105.916
107.233
108.55
109.868
111.185
112.502
113.819
115.137
116.454
117.772
119.089
120.406
121.723
123.041
124.358
125.675
126.992
128.31
129.627
130.944
132.262
133.579
134.896
136.214
137.531
138.848
140.166
141.483
142.8
144.118
145.435
146.752
148.069
149.387
150.704
152.021
153.338
154.656
155.973
157.291
158.607
159.925
161.243
162.559
163.877
165.194
166.511
167.829
169.146
170.463
171.781
173.098
174.415
175.733
177.049
178.367
179.685
181.002
182.319
183.636
184.953
186.27
187.588
188.905
190.222
191.54
192.857
194.174
195.492
196.809
198.126
199.443
200.761
202.079
203.396
204.713
206.03
207.347
208.665
209.982
211.299
212.616
213.933
215.251
216.569
217.886
219.203
220.521
221.837
223.155
224.472
225.789
227.107
228.424
229.742
231.059
232.376
233.694
235.01
236.328
237.646
238.963
240.28
241.597
242.915
244.232
245.55
246.866
248.184
249.501
250.819
252.136
253.453
254.77
256.088
257.405
258.723
260.039
261.356
262.674
263.991
265.309
266.626
267.944
269.261
270.578
271.895
273.212
274.529
275.847
277.164
278.481
279.798
281.116
282.434
283.751
285.068
286.385
287.702
289.02
290.337
291.654
292.973
294.289
295.607
296.924
298.241
299.558
300.876
302.193
303.511
304.827
306.145
307.462
308.78
310.097
311.413
312.731
314.049
315.365
304.78
305.651
298.643
291.902
292.563
287.593
285.822
284.051
282.28
280.509
278.74
276.968
275.196
273.425
271.655
269.884
268.113
266.342
264.571
262.8
261.03
259.258
257.487
255.716
253.945
252.175
250.404
248.633
246.862
245.091
243.321
241.549
239.779
238.008
236.236
234.466
232.695
230.925
229.153
227.383
225.611
223.841
222.07
220.298
218.528
216.757
214.986
213.214
211.445
209.674
207.902
206.131
204.361
202.59
200.819
199.048
197.277
195.506
193.735
191.965
190.193
188.422
186.652
184.881
183.11
181.339
179.568
177.797
176.026
174.255
172.484
170.713
168.942
167.171
165.401
163.63
161.859
160.088
158.317
156.547
154.776
153.005
151.234
149.463
147.692
145.921
144.15
142.379
140.608
138.838
137.066
135.296
133.525
131.754
129.983
128.212
126.441
124.67
122.899
121.129
119.358
117.587
115.816
114.045
112.274
110.503
108.732
106.961
105.19
103.419
101.649
99.8779
98.1066
96.3357
94.5649
92.794
91.0233
89.2526
87.4812
85.7105
83.9397
82.1689
80.3977
78.627
76.8561
75.0852
73.3144
71.5432
69.7724
68.0015
66.2308
79.958
78.768
87.8364
96.5558
95.6411
102.056
104.306
106.556
108.805
111.055
113.305
115.555
117.805
120.055
122.304
124.554
126.804
129.054
131.304
133.554
135.804
138.054
140.304
142.554
144.804
147.054
149.303
151.553
153.803
156.052
158.303
160.553
162.802
165.052
167.302
169.552
171.802
174.052
176.302
178.552
180.802
183.051
185.301
187.551
189.8
192.051
194.301
196.551
198.8
201.05
203.3
205.55
207.8
210.05
212.3
214.549
216.8
219.049
221.3
223.549
225.799
228.049
230.299
232.549
234.798
237.049
239.298
241.548
243.798
246.047
248.298
250.548
252.797
255.048
257.297
259.547
261.797
264.047
266.298
268.546
270.797
273.046
275.297
277.547
279.797
282.046
284.296
286.545
288.796
291.045
293.296
295.546
297.796
300.044
302.295
304.545
306.795
309.045
311.295
313.544
315.795
318.045
320.294
322.543
324.795
327.044
329.294
331.543
333.793
336.043
338.293
340.542
342.794
345.042
347.293
349.542
351.793
354.042
356.293
358.541
360.793
363.043
365.291
367.541
369.791
372.042
374.291
376.542
378.791
381.041
383.29
385.542
387.79
390.041
392.29
394.54
396.79
399.04
401.289
403.54
405.789
408.04
410.289
412.538
414.789
417.039
419.29
421.538
423.79
426.039
428.289
430.538
432.789
435.038
437.289
439.537
441.787
444.037
446.288
448.537
432.714
434.286
423.896
413.914
415.165
407.868
405.43
402.991
400.552
398.114
395.675
393.236
390.797
388.358
385.918
383.48
381.04
378.601
376.163
373.725
371.285
368.846
366.408
363.968
361.53
359.091
356.652
354.213
351.774
349.335
346.896
344.457
342.018
339.581
337.14
334.703
332.263
329.825
327.386
324.946
322.508
320.068
317.63
315.191
312.753
310.313
307.874
305.436
302.996
300.557
298.119
295.679
293.241
290.802
288.363
285.924
283.485
281.046
278.607
276.168
273.73
271.291
268.852
266.413
263.974
261.535
259.096
256.657
254.219
251.78
249.341
246.903
244.463
242.024
239.586
237.146
234.708
232.268
229.83
227.391
224.952
222.513
220.074
217.635
215.196
212.757
210.318
207.88
205.441
203.002
200.563
198.123
195.685
193.246
190.807
188.369
185.93
183.491
181.052
178.613
176.174
173.735
171.296
168.857
166.419
163.98
161.541
159.102
156.663
154.224
151.785
149.346
146.907
144.468
142.029
139.59
137.151
134.713
132.274
129.835
127.396
124.957
122.518
130.563
128.517
133.41
138.067
136.207
139.305
139.586
139.867
140.148
140.429
140.71
140.991
141.272
141.552
141.833
142.115
142.395
142.676
142.957
143.238
143.519
143.799
144.08
144.361
144.642
144.923
145.204
145.485
145.766
146.046
146.327
146.609
146.889
147.17
147.451
147.732
148.012
148.293
148.575
148.855
149.136
149.417
149.698
149.979
150.26
150.54
150.821
151.102
151.383
151.664
151.945
152.226
152.507
152.788
153.069
153.35
153.631
153.912
154.192
154.473
154.754
155.035
155.316
155.597
155.878
156.158
156.439
156.72
157.001
157.282
157.563
157.844
158.125
158.405
158.687
158.967
159.248
159.529
159.81
160.091
160.372
160.653
160.934
161.214
161.495
161.777
162.056
162.338
162.618
162.899
163.181
163.462
163.742
164.023
164.304
164.585
164.866
165.147
165.428
165.708
165.989
166.27
166.551
166.832
167.113
167.394
167.675
167.956
168.236
168.517
168.798
169.079
169.36
169.641
169.922
170.202
170.483
170.764
171.045
171.326
171.607
171.888
172.169
172.45
172.731
173.011
173.292
173.573
173.854
174.135
174.416
174.697
174.978
175.258
175.539
175.82
176.101
176.382
176.663
176.944
177.224
177.505
177.786
178.067
178.348
178.629
178.91
179.191
179.472
179.752
180.033
180.314
180.595
180.876
181.157
181.438
181.719
182.0
182.281
182.562
182.842
183.123
183.404
183.685
183.966
184.247
184.528
184.809
185.09
185.37
185.651
185.932
186.213
186.494
186.775
187.056
187.337
187.617
187.898
188.179
188.46
188.741
189.022
189.303
189.584
189.865
190.145
190.426
190.708
190.988
191.269
191.55
191.83
192.111
192.392
192.673
192.954
193.235
193.516
193.797
194.078
194.359
194.64
194.921
195.201
195.482
195.763
196.044
196.325
196.606
196.887
197.168
197.449
197.729
198.01
198.291
198.572
198.853
199.134
199.415
199.696
199.976
200.257
200.539
200.819
201.099
201.38
201.661
201.942
202.223
202.504
202.786
203.066
203.347
203.628
203.908
204.189
204.471
204.751
205.032
205.313
205.594
205.875
206.156
206.437
206.718
206.998
207.279
207.56
207.841
208.122
208.403
208.684
208.965
209.246
209.526
209.807
210.088
210.369
210.65
210.931
211.212
211.492
211.774
212.055
212.335
212.616
212.897
213.178
213.459
213.74
214.021
214.301
214.582
214.863
215.144
215.425
215.706
215.986
216.268
216.549
216.83
217.11
217.391
217.672
217.953
218.233
218.515
218.796
219.077
219.358
219.638
219.919
220.2
220.48
220.762
221.043
221.324
221.605
221.886
222.166
222.447
222.728
223.008
223.289
223.571
223.851
224.132
224.413
224.694
224.975
225.256
225.537
225.818
226.098
226.38
226.66
226.941
227.222
227.503
227.784
228.065
228.345
228.626
228.908
229.188
229.469
229.75
230.031
230.312
230.592
230.874
231.154
231.436
231.716
231.997
232.277
232.559
232.84
233.121
233.401
233.683
233.963
234.244
234.525
234.806
235.087
235.367
235.649
235.929
236.21
236.491
236.772
237.053
237.334
237.614
237.895
238.177
238.457
238.738
239.019
239.301
239.581
239.862
240.143
240.423
240.705
240.985
241.266
241.548
241.828
242.109
242.389
242.67
242.952
243.232
243.513
243.793
244.075
244.356
244.637
244.918
245.199
245.48
245.76
246.041
246.322
246.602
246.884
247.165
247.446
247.727
248.008
248.289
248.569
248.85
249.132
249.411
249.693
249.974
250.254
250.536
250.817
251.097
251.379
251.659
251.94
252.221
252.502
252.782
253.063
253.344
253.625
253.906
254.187
254.468
254.749
255.03
255.311
255.591
255.872
256.153
256.435
256.715
256.996
257.277
257.557
257.838
258.119
258.399
258.681
258.962
259.243
259.524
259.805
260.085
260.366
260.646
260.928
261.21
261.49
261.771
262.051
262.333
262.614
258.828
258.956
256.393
253.921
253.977
252.11
251.337
250.562
249.788
249.013
248.239
247.465
246.691
245.918
245.143
244.369
243.594
242.82
242.047
241.272
240.499
239.724
238.949
238.176
237.402
236.627
235.853
235.079
234.305
233.531
232.757
231.983
231.208
230.435
229.66
228.886
228.112
227.337
226.563
225.788
225.015
224.241
223.466
222.693
221.918
221.144
220.37
219.596
218.822
218.048
217.274
216.499
215.726
214.951
214.177
213.402
212.628
211.854
211.08
210.306
209.532
208.758
207.984
207.21
206.435
205.661
204.887
204.113
203.339
202.565
201.79
201.016
200.242
199.468
198.694
197.92
197.146
196.372
195.597
194.823
194.049
193.274
192.5
191.727
190.952
190.178
189.404
188.63
187.855
187.082
186.307
185.533
184.759
183.985
183.211
182.436
181.663
180.888
180.114
179.34
178.565
177.792
177.018
176.243
175.469
174.696
173.921
173.147
172.373
171.598
170.825
170.05
169.276
168.501
167.728
166.953
166.18
165.405
164.631
163.857
163.083
162.309
161.534
160.761
159.986
159.212
158.437
157.664
156.89
156.116
155.341
154.567
153.793
153.019
152.245
151.471
150.697
149.922
149.148
148.374
147.6
146.826
146.051
145.277
144.503
143.729
142.955
142.18
141.406
140.633
139.858
139.084
138.31
137.536
136.762
135.987
135.213
134.44
133.665
132.891
132.116
131.343
130.569
129.794
129.02
128.246
127.472
126.698
125.923
125.149
124.375
123.601
122.827
122.053
121.279
120.504
119.73
118.956
118.182
117.408
116.634
115.86
115.085
114.311
113.537
112.763
111.989
111.215
110.44
109.666
108.892
108.118
107.344
106.57
105.796
105.021
104.247
103.473
102.699
101.925
101.151
100.377
99.6023
98.8283
98.054
97.28
96.5056
95.7316
94.9575
94.1833
93.4094
92.6348
91.8609
91.0864
90.3124
89.5386
88.7643
87.99
87.2162
86.4417
85.6676
84.8933
84.1192
83.3453
82.5712
81.7968
81.0228
80.2486
79.4744
78.7002
77.9264
77.152
76.3779
75.6039
74.8294
74.0554
73.2813
72.5071
71.733
70.9589
70.1847
69.4106
68.6361
67.8622
67.088
66.3139
65.5397
64.7656
63.9916
63.2174
62.4434
61.6688
60.8946
60.1209
59.3467
58.5723
57.7983
57.0241
56.2498
55.4757
54.7016
53.9276
53.1534
52.3791
51.605
50.8311
50.0566
49.2828
48.5084
47.7343
46.9601
46.1859
45.412
44.6378
43.8635
43.0895
42.3152
41.5411
40.7668
47.1501
46.6442
50.8759
54.9463
54.5674
57.5735
58.6562
59.7388
60.8217
61.9043
62.987
64.0697
65.1524
66.2351
67.3179
68.4005
69.4834
70.566
71.6485
72.7314
73.814
74.8967
75.9795
77.0622
78.1449
79.2276
80.3102
81.3928
82.4756
83.5584
84.641
85.7236
86.8065
87.8889
88.9718
90.0544
91.1371
92.2198
93.3026
94.3852
95.468
96.5508
97.6333
98.7162
99.7988
100.881
101.964
103.047
104.129
105.212
106.295
107.377
108.46
109.543
110.626
111.708
112.791
113.874
114.956
116.039
117.122
118.204
119.287
120.37
121.453
122.535
123.618
124.701
125.784
126.866
127.949
129.032
130.114
131.197
132.28
133.362
134.445
135.528
136.61
137.693
138.776
139.859
140.941
142.024
143.107
144.189
145.272
146.354
147.438
148.52
149.603
150.685
151.768
152.851
153.934
155.016
156.099
157.182
158.264
159.347
160.43
161.512
162.596
163.678
164.76
165.843
166.926
168.009
169.091
170.174
171.257
172.34
173.422
174.505
175.588
176.671
177.753
178.836
179.918
181.002
182.084
183.167
184.249
185.332
186.414
187.497
188.58
189.663
190.746
191.828
192.911
193.993
195.077
196.159
197.242
198.324
199.407
200.49
201.573
202.655
203.738
204.821
205.903
206.986
208.068
209.152
210.234
211.317
212.4
213.482
214.565
215.648
216.73
217.813
218.896
219.979
221.061
222.144
223.227
224.31
225.392
226.474
227.557
228.64
229.723
230.806
231.888
232.97
234.054
235.136
236.219
237.302
238.385
239.467
240.549
241.632
242.715
243.799
244.881
245.963
247.046
248.128
249.211
250.294
251.377
252.459
253.543
254.625
255.707
256.79
257.873
258.955
260.038
261.121
262.204
263.287
264.37
265.452
266.535
267.618
268.7
269.783
270.865
271.949
273.031
274.113
275.197
276.28
277.362
278.444
279.528
280.61
281.692
282.776
283.858
284.941
286.022
287.106
288.189
289.273
290.354
291.437
292.519
293.602
294.684
295.767
296.85
297.933
299.016
300.098
301.181
302.264
303.346
304.429
305.512
306.595
307.677
308.76
309.842
310.925
312.009
313.091
314.174
315.257
316.339
317.422
318.504
319.587
320.67
321.752
322.835
323.918
325.0
326.083
327.167
328.249
329.331
330.414
331.496
332.579
333.661
334.745
335.828
336.911
337.993
339.076
340.159
341.242
342.324
343.406
344.489
345.571
346.655
347.737
348.82
349.903
350.986
352.068
353.15
354.233
355.316
356.399
357.481
358.565
359.647
360.73
361.812
362.895
363.978
365.06
354.402
355.045
347.916
341.052
341.485
336.367
334.404
332.441
330.477
328.514
326.552
324.588
322.623
320.661
318.698
316.734
314.77
312.807
310.844
308.881
306.916
304.955
302.991
301.028
299.064
297.101
295.137
293.175
291.211
289.248
287.285
285.321
283.358
281.395
279.431
277.468
275.506
273.542
271.578
269.615
267.651
265.688
263.725
261.761
259.798
257.834
255.871
253.908
251.945
249.981
248.018
246.055
244.092
242.129
240.165
238.202
236.239
234.275
232.312
230.349
228.385
226.422
224.459
222.495
220.532
218.568
216.606
214.642
212.678
210.715
208.752
206.789
204.825
202.862
200.898
198.936
196.972
195.008
193.046
191.082
189.119
187.156
185.193
183.229
181.266
179.302
177.339
175.376
173.413
171.45
169.486
167.522
165.559
163.596
161.632
159.669
157.706
155.743
153.779
151.816
149.852
147.89
145.926
143.963
141.999
140.036
138.073
136.11
134.146
132.183
130.22
128.256
126.293
124.33
122.366
120.403
118.44
116.477
114.513
112.55
110.586
108.623
106.66
104.697
102.733
100.77
98.8067
96.8436
94.8799
92.9168
90.9539
88.9901
87.0267
85.0635
83.1003
81.1368
79.1737
77.2104
75.2469
73.2835
71.3204
69.3572
67.3937
65.4305
63.4671
61.504
59.5407
57.5772
55.614
53.6507
51.6874
49.7241
47.761
45.7976
43.8343
41.8708
39.9078
37.9443
35.981
34.0176
32.0543
30.091
28.1277
26.1645
37.0022
35.5187
42.5084
49.2098
47.9534
52.7513
54.109
55.4667
56.8246
58.1821
59.5398
60.8976
62.2553
63.6131
64.9707
66.3285
67.6862
69.0441
70.4017
71.7593
73.1171
74.4748
75.8325
77.1903
78.548
79.9056
81.2634
82.6212
83.9791
85.3366
86.6942
88.052
89.4099
90.7673
92.1251
93.4828
94.8407
96.1983
97.5561
98.9139
100.272
101.629
102.987
104.345
105.702
107.06
108.418
109.775
111.133
112.491
113.849
115.206
116.565
117.922
119.28
120.637
121.995
123.353
124.71
126.068
127.426
128.784
130.141
131.499
132.857
134.214
135.572
136.93
138.288
139.646
141.003
142.361
143.719
145.076
146.434
147.792
149.15
150.507
151.865
153.223
154.581
155.938
157.296
158.654
160.011
161.369
162.727
164.085
165.442
166.8
168.158
169.515
170.873
172.231
173.589
174.947
176.304
177.662
179.02
180.377
181.735
183.092
184.451
185.808
187.166
188.524
189.882
191.239
192.596
188.885
190.054
187.867
185.793
186.871
185.551
185.594
185.636
185.68
185.722
185.765
185.807
185.85
185.893
185.935
185.978
186.021
186.064
186.106
186.149
186.192
186.234
186.277
186.319
186.362
186.406
186.448
186.491
186.534
186.576
186.619
186.662
186.704
186.747
186.79
186.832
186.875
186.918
186.961
187.003
187.046
187.089
187.13
187.173
187.216
187.259
187.302
187.344
187.387
187.43
187.473
187.515
187.558
187.601
187.643
187.686
187.729
187.772
187.814
187.857
187.899
187.943
187.985
188.028
188.071
188.114
188.156
188.199
188.242
188.285
188.327
188.37
188.412
188.456
188.498
188.54
188.583
188.626
188.668
188.711
188.754
188.797
188.839
188.882
188.924
188.968
189.01
189.053
189.095
189.138
189.181
189.224
189.267
189.309
189.352
189.394
189.437
189.48
189.523
189.565
189.608
189.651
189.694
189.736
189.779
189.821
189.865
189.907
189.95
189.992
190.036
190.077
190.12
190.163
190.206
190.249
190.292
190.334
190.376
190.419
190.462
190.505
190.548
190.59
190.633
190.676
190.718
190.761
190.804
190.847
190.889
190.931
190.975
191.018
191.06
191.103
191.145
191.188
191.231
191.274
191.316
191.359
191.402
191.444
191.487
191.53
191.572
191.615
191.657
191.701
191.743
191.786
191.829
191.871
191.914
191.957
191.999
192.042
192.084
192.128
192.17
192.212
192.256
192.298
192.341
192.383
192.426
192.469
192.512
192.554
192.597
192.639
192.682
192.725
192.768
192.811
192.853
192.896
192.939
192.982
193.024
193.066
193.109
193.152
193.195
193.238
193.28
193.323
193.366
193.409
193.451
193.494
193.537
193.579
193.622
193.664
193.707
193.75
193.793
193.835
193.878
193.921
193.964
194.006
194.048
194.092
194.134
194.177
194.22
194.263
194.305
194.348
194.391
194.433
194.476
194.519
194.561
194.604
194.647
194.689
194.732
194.776
194.818
194.861
194.903
194.946
194.988
195.031
195.074
195.117
195.159
195.202
195.245
195.287
195.33
195.373
195.415
195.459
195.501
195.543
195.586
195.629
195.671
195.714
195.757
195.8
195.843
195.885
195.928
195.971
196.013
196.056
196.099
196.141
196.184
196.226
196.269
196.312
196.355
196.397
196.44
196.483
196.526
196.568
196.611
196.653
196.697
196.74
196.783
196.825
196.868
196.91
196.953
196.995
197.039
197.081
197.123
197.167
197.208
197.252
197.294
193.545
193.445
190.836
188.312
188.145
186.185
185.244
184.303
183.362
182.42
181.479
180.538
179.597
178.655
177.715
176.773
175.832
174.891
173.95
173.009
172.068
171.127
170.186
169.244
168.303
167.363
166.421
165.479
164.539
163.598
162.657
161.715
160.774
159.833
158.892
157.951
157.01
156.069
155.128
154.186
153.246
152.304
151.364
150.421
149.481
148.54
147.598
146.657
145.716
144.775
143.834
142.893
141.952
141.01
140.069
139.129
138.187
137.246
136.305
135.363
134.423
133.482
132.541
131.599
130.658
129.717
128.776
127.835
126.894
125.953
125.011
124.07
123.129
122.188
121.247
120.306
119.365
118.423
117.483
116.542
115.6
114.659
113.718
112.777
111.836
110.894
109.954
109.013
108.071
107.13
106.189
105.248
104.307
103.366
102.425
101.484
100.543
99.6009
98.66
97.719
96.778
95.8364
94.8954
93.9543
93.0135
92.0723
91.1309
90.1898
89.2488
88.3077
87.3664
86.4253
85.4844
84.543
83.6022
82.6608
81.7199
80.7786
79.8378
78.8966
77.9553
77.0142
76.073
75.1318
74.1908
73.2498
72.3084
71.3674
70.4263
69.4852
68.544
67.603
66.6616
65.7208
64.7796
63.8384
72.3288
71.7409
77.3959
82.8385
82.4183
86.4585
87.9642
89.4698
90.9755
92.4811
93.9869
95.4926
96.9983
98.5038
100.01
101.515
103.021
104.527
106.032
107.538
109.044
110.549
112.055
113.561
115.066
116.572
118.077
119.583
121.089
122.594
124.1
125.606
127.111
128.617
130.123
131.628
133.134
134.639
136.145
137.651
139.157
140.662
142.168
143.673
145.18
146.685
148.191
149.697
151.202
152.708
154.214
155.719
157.225
158.73
160.236
161.742
163.247
164.752
166.259
167.764
169.27
170.775
172.282
173.787
175.293
176.798
178.304
179.81
181.315
182.821
184.327
185.833
187.338
188.844
190.349
191.855
193.36
194.867
196.372
197.878
199.383
200.889
202.395
203.9
205.406
206.912
208.417
209.923
211.428
212.934
214.44
215.946
217.451
218.957
220.462
221.969
223.474
224.98
226.485
227.991
229.497
231.003
232.508
234.014
235.519
237.025
238.531
240.036
241.542
243.048
244.553
246.059
247.565
249.07
250.577
252.082
253.588
255.093
256.599
258.104
259.61
261.116
262.621
264.127
265.633
267.139
268.644
270.15
271.655
273.161
274.667
276.172
277.678
279.184
280.69
282.195
283.701
285.207
286.712
288.217
289.723
291.229
292.734
294.241
295.746
297.252
298.757
300.264
301.769
303.275
304.78
306.286
307.792
309.297
310.803
312.309
313.814
315.32
316.825
318.331
319.837
321.342
322.848
324.353
325.86
327.365
328.871
330.376
331.882
333.388
334.893
336.399
337.904
339.411
333.186
334.401
330.5
326.772
327.851
325.274
324.774
324.274
323.774
323.274
322.774
322.275
321.774
321.274
320.774
320.274
319.774
319.275
318.774
318.275
317.774
317.275
316.775
316.275
315.774
315.275
314.774
314.275
313.775
313.274
312.775
312.274
311.775
311.275
310.775
310.275
309.775
309.275
308.774
308.275
307.775
307.276
306.776
306.275
305.775
305.275
304.775
304.275
303.775
303.275
302.776
302.275
301.775
301.275
300.776
300.276
299.775
299.277
298.776
298.275
297.777
297.276
296.775
296.276
295.777
295.275
294.776
294.275
293.776
293.276
292.776
292.276
291.777
291.276
290.776
290.276
289.777
289.276
288.776
288.276
287.776
287.277
286.777
286.276
285.775
285.276
284.777
284.277
283.775
283.276
282.777
282.275
281.776
281.277
280.777
280.276
279.777
279.276
278.776
278.277
277.777
277.277
276.777
276.277
275.776
275.277
274.777
274.277
273.777
273.276
272.777
272.277
271.777
271.277
270.777
270.276
269.777
269.277
269.458
268.983
268.959
268.92
268.457
268.318
267.994
267.671
267.347
267.024
266.701
266.377
266.054
265.731
265.407
265.084
264.76
264.436
264.114
263.79
263.466
263.143
262.819
262.497
262.174
261.85
261.527
261.203
260.879
260.557
260.233
259.91
259.586
259.263
258.939
258.616
258.293
257.969
257.646
257.322
256.999
256.676
256.352
256.029
255.706
255.383
255.059
254.735
254.412
254.089
253.766
253.442
253.119
252.796
252.473
252.148
251.826
251.501
251.178
250.855
250.532
250.208
249.885
249.561
249.238
248.915
248.592
248.268
247.945
247.621
247.298
246.974
246.651
246.328
246.004
245.681
245.358
245.035
244.711
244.387
244.064
243.741
243.417
243.094
242.77
242.447
242.124
241.8
241.477
241.154
240.83
240.507
240.184
239.861
239.537
239.213
238.89
238.567
238.242
237.92
237.596
237.274
236.95
236.626
236.303
235.979
235.656
235.333
235.009
234.686
234.363
234.039
233.716
233.393
233.069
232.746
232.423
232.099
231.775
231.452
231.128
230.806
230.482
230.158
229.836
229.512
229.189
228.866
228.542
228.219
227.895
227.571
227.248
226.926
226.601
226.279
225.955
225.632
225.309
224.985
224.661
224.338
224.014
223.691
223.368
223.044
222.721
222.399
222.074
221.751
221.427
221.104
220.781
220.457
220.134
219.811
219.487
219.164
218.841
218.517
218.194
217.87
217.547
217.224
216.901
216.577
216.253
215.93
215.607
215.284
214.96
214.637
214.313
213.99
213.667
213.343
213.02
212.696
212.373
212.05
211.726
211.402
211.08
210.756
210.433
210.109
209.786
209.462
209.14
208.816
208.493
208.169
207.846
207.523
207.2
206.876
206.552
206.229
205.905
205.582
205.259
204.935
204.612
204.289
203.966
203.642
203.318
202.995
202.671
202.348
202.026
201.701
201.378
201.055
200.731
200.408
200.085
199.762
199.438
199.115
198.791
198.467
198.144
197.821
197.497
197.175
196.851
196.528
196.204
195.881
195.558
195.234
194.91
194.587
194.264
193.941
193.617
193.294
192.971
192.648
192.324
192.001
191.677
191.353
191.03
190.707
190.383
190.06
189.737
189.413
189.09
188.766
188.443
188.12
187.797
187.473
187.15
186.826
186.503
186.179
185.856
185.533
185.209
184.886
184.563
184.239
183.915
183.593
183.269
182.946
182.623
182.3
181.976
181.652
181.329
181.006
180.682
180.358
180.036
179.712
179.389
179.065
178.741
178.418
178.095
177.772
177.448
177.125
176.801
176.478
176.155
175.831
175.508
175.185
174.861
174.538
174.215
173.891
173.568
173.244
172.921
172.598
172.274
171.95
171.627
171.304
170.981
170.658
170.334
170.011
169.687
169.364
169.041
168.717
168.394
168.071
167.747
167.424
167.101
166.777
166.453
166.13
165.807
165.483
165.16
164.837
164.513
164.19
163.867
163.543
163.22
162.897
162.573
162.25
161.926
161.603
161.279
160.956
160.632
160.309
159.986
159.662
159.339
159.016
158.692
158.369
158.046
157.722
157.399
157.076
156.752
156.429
156.105
155.782
155.459
155.135
154.812
154.489
154.165
153.842
153.518
153.195
152.871
152.549
152.225
151.901
151.578
151.254
150.931
150.608
150.285
149.961
149.638
149.315
148.991
148.668
148.344
148.021
147.698
147.374
147.051
146.727
146.404
146.081
145.757
145.434
145.111
144.787
144.464
144.14
143.817
143.494
143.171
142.847
142.524
142.2
141.877
141.553
141.23
140.907
140.583
140.26
139.937
139.613
139.29
138.967
138.643
138.32
137.996
137.673
137.35
137.026
136.703
136.379
136.056
135.733
135.409
135.086
134.762
134.439
134.116
133.792
133.469
133.146
132.822
132.499
132.176
131.852
131.529
131.205
130.882
130.558
130.235
129.912
129.589
129.266
136.547
136.508
141.503
146.328
146.424
150.118
151.767
153.417
155.066
156.716
158.365
160.015
161.664
163.314
164.964
166.613
168.262
169.912
171.561
173.211
174.861
176.51
178.16
179.809
181.459
183.108
184.758
186.407
188.057
189.706
191.356
193.006
194.655
196.305
197.954
199.604
201.253
202.903
204.552
206.202
207.852
209.501
211.151
212.8
214.45
216.099
217.748
219.399
221.048
222.697
224.347
225.996
227.645
229.296
230.945
232.595
234.244
235.893
237.543
239.193
240.842
242.492
244.142
245.791
247.441
249.09
250.739
252.389
254.039
255.689
257.338
258.988
260.637
262.286
263.936
265.586
267.235
268.885
270.535
272.184
273.834
275.483
277.133
278.782
280.432
282.081
283.731
285.381
287.03
288.68
290.329
291.978
293.628
295.278
296.927
298.576
300.227
301.876
303.525
305.175
306.824
308.474
310.123
311.772
313.422
315.072
316.721
318.372
320.021
321.671
323.32
324.969
326.619
328.269
329.917
331.568
333.217
334.866
336.516
338.166
339.815
341.464
343.114
344.764
346.413
348.064
349.712
351.362
353.012
354.662
356.31
357.961
359.609
361.259
362.909
364.559
366.207
349.936
350.915
340.03
329.549
330.209
322.393
319.393
316.394
313.393
310.394
307.393
304.394
301.395
298.394
295.394
292.394
289.395
286.394
283.395
280.396
277.395
274.395
271.395
268.396
265.395
262.396
259.396
256.396
253.396
250.396
247.396
244.397
241.397
238.397
235.397
232.397
229.397
226.398
223.398
220.398
217.398
221.528
218.796
220.781
222.607
220.001
220.767
219.617
218.466
217.316
216.166
215.017
213.865
212.715
211.565
210.415
209.264
208.115
206.964
205.814
204.664
203.514
202.363
201.213
200.063
198.912
197.763
196.613
195.462
194.312
193.162
192.012
190.861
189.711
188.562
187.411
186.26
185.11
183.96
182.81
181.659
180.509
179.359
178.209
177.059
175.908
174.757
173.608
172.458
171.307
170.157
169.007
167.857
166.706
165.557
164.406
163.256
162.106
160.955
159.805
158.655
157.505
156.354
155.204
154.054
152.904
151.753
150.603
149.453
148.303
147.152
146.002
144.852
143.702
142.551
141.401
140.251
139.101
137.95
136.801
135.65
134.5
133.35
132.2
131.049
129.899
128.749
127.599
126.449
125.298
124.148
122.998
121.847
120.697
119.547
118.397
117.247
116.096
114.946
113.796
112.646
111.495
110.345
109.195
108.045
106.894
105.744
104.594
103.444
102.294
101.144
99.9932
98.8429
97.6927
96.5425
95.3927
94.242
93.092
91.9417
90.7917
89.6412
88.4907
87.3406
86.1906
85.0405
83.8901
82.7399
81.5896
80.4394
79.2892
78.1391
76.9887
75.8386
74.6882
73.5383
72.388
71.2375
70.0876
68.9373
67.7869
66.6368
65.4865
64.3363
63.1861
62.0359
60.8857
59.7353
58.5853
57.4347
56.2847
55.1346
53.9841
52.834
51.6837
50.5335
49.3833
48.233
47.0828
45.9326
44.7824
43.6322
42.4819
41.3319
40.1815
39.0314
37.8811
36.7309
35.5807
34.4305
33.2802
32.1301
30.9797
29.8295
28.6794
39.9002
39.2135
46.7154
53.9385
53.4717
58.8554
60.9145
62.9738
65.0331
67.0922
69.1515
71.2107
73.2699
75.3291
77.3883
79.4474
81.5066
83.5657
85.6251
87.6841
89.7433
91.8025
93.8619
95.9211
97.9803
100.039
102.099
104.158
106.217
108.276
110.335
112.395
114.454
116.513
118.572
120.631
122.691
124.75
126.809
128.868
130.927
132.987
135.046
137.105
139.164
141.224
143.283
145.342
147.402
149.46
151.52
153.579
155.638
157.697
159.757
161.816
163.875
165.934
167.994
170.053
172.112
174.171
176.23
178.289
180.349
182.407
184.468
186.527
188.586
190.645
192.704
194.763
196.822
198.882
200.941
203.0
205.059
207.119
209.177
211.237
213.296
215.355
217.414
219.473
221.533
223.592
225.651
227.71
229.77
231.829
233.888
235.947
238.007
240.066
242.125
244.184
246.243
248.303
250.362
252.422
254.481
256.539
258.599
260.657
262.717
264.776
266.836
268.894
270.955
273.013
275.073
277.131
279.19
281.25
283.309
285.369
287.428
289.487
280.133
281.764
275.841
270.175
271.603
267.634
266.732
265.83
264.927
264.026
263.124
262.222
261.32
260.419
259.515
258.614
257.712
256.81
255.909
255.007
254.105
253.203
252.301
251.399
250.498
249.595
248.693
247.791
246.89
245.988
245.085
244.184
243.282
242.379
241.478
240.576
239.675
238.773
237.87
236.969
236.067
235.164
234.262
233.361
232.459
231.557
230.655
229.753
228.851
227.949
227.047
226.146
225.243
224.342
223.44
222.538
221.636
220.734
219.832
218.929
218.028
217.126
216.225
215.323
214.42
213.519
212.616
211.715
210.813
209.91
209.009
208.108
207.205
206.303
205.401
204.5
203.598
202.696
201.794
200.892
199.99
199.088
198.186
197.284
196.382
195.48
194.579
193.677
192.775
191.873
190.971
190.07
189.167
188.265
187.363
186.461
185.56
184.658
183.756
182.854
181.951
181.05
181.502
180.65
180.696
180.71
179.882
179.696
179.145
178.595
178.043
177.493
176.942
176.391
175.841
175.29
174.739
174.189
173.638
173.087
172.538
171.986
171.435
170.885
170.334
169.783
169.233
168.682
168.131
167.58
167.03
166.479
165.928
165.378
164.827
164.276
163.726
163.175
162.625
162.074
161.523
160.972
160.421
159.871
159.321
158.769
158.218
157.668
157.118
156.567
156.016
155.465
154.914
154.364
153.813
153.263
152.712
152.161
151.61
151.059
150.509
149.958
149.407
148.856
148.306
147.755
147.205
146.654
146.104
145.553
145.003
144.451
143.901
143.35
142.799
142.249
141.698
141.147
140.596
140.046
139.495
138.944
138.394
137.843
137.292
136.742
136.191
135.64
135.089
134.539
133.988
133.437
132.887
132.336
131.785
131.235
130.684
130.133
129.583
129.032
128.481
127.93
127.38
126.829
126.278
125.728
125.177
124.626
124.076
123.525
122.974
122.423
121.873
121.323
120.771
120.22
119.67
119.119
118.569
118.018
117.467
116.916
116.366
115.815
115.265
114.714
114.163
113.613
113.062
112.511
111.96
111.409
110.859
110.308
109.758
109.207
108.656
108.106
107.555
107.004
109.582
109.148
110.785
112.352
111.974
113.076
113.336
113.597
113.858
114.119
114.38
114.641
114.901
115.162
115.423
115.684
115.945
116.205
116.466
116.727
116.988
117.249
117.51
117.771
118.032
118.293
118.553
118.814
119.075
119.336
119.597
119.858
120.118
120.379
120.64
120.901
121.162
121.423
121.684
121.944
122.205
122.466
122.727
122.988
123.249
123.51
120.798
120.948
119.13
117.379
117.477
116.167
115.657
115.147
114.637
114.127
113.617
113.106
112.596
112.086
111.576
111.065
110.555
110.045
109.535
109.025
108.514
108.005
107.494
106.984
106.474
105.964
105.454
104.943
104.433
103.923
103.413
102.902
102.392
101.882
101.372
100.862
100.352
99.8417
99.3314
98.8213
98.3109
97.8011
97.2908
96.7807
96.2704
95.7604
95.2499
94.74
94.2298
93.7196
93.2094
92.6993
92.189
91.6788
91.1685
90.6588
90.1482
89.6381
89.1278
88.6175
88.1078
87.5977
87.0871
86.577
86.0671
85.5569
85.0467
84.5366
84.0263
83.5161
83.0058
82.4957
81.9856
81.4754
80.9654
80.455
79.9451
79.4347
78.9244
78.4144
77.9041
77.3941
76.884
76.3735
75.8635
75.3532
74.8433
74.3329
73.8225
73.3126
72.8023
72.2923
71.782
71.2719
70.7618
70.2516
69.7413
69.2312
72.4022
72.0297
74.0939
76.0753
75.7686
77.2024
77.6473
78.092
78.5368
78.9817
79.4263
79.8713
80.316
80.7607
81.2058
81.6505
82.0953
82.54
82.9847
83.4296
83.8743
84.3192
84.7639
85.2087
85.6536
86.0985
86.543
86.9878
87.4326
87.8775
88.3221
88.767
89.2122
89.6568
90.1016
90.546
90.9908
91.4358
91.8806
92.3252
92.7701
93.215
93.66
94.1048
94.5496
94.9942
95.4388
95.884
96.3285
96.7729
97.2182
97.6628
98.1077
98.5525
98.9972
99.442
99.8868
100.332
100.777
101.221
101.666
102.111
102.556
103.0
103.445
103.89
104.335
104.78
105.224
105.669
106.114
106.558
107.004
107.448
107.893
108.338
108.783
109.228
109.672
110.117
110.562
111.007
111.451
111.896
112.341
112.786
113.231
113.675
114.12
114.565
115.01
115.455
115.899
116.344
116.789
117.234
117.678
118.123
118.568
119.013
119.458
119.902
120.347
120.792
121.237
121.682
122.126
122.571
123.016
123.461
123.906
124.35
124.795
125.24
125.685
126.129
126.574
127.019
127.464
127.909
128.354
128.798
129.243
129.688
130.133
130.578
131.022
131.467
131.912
132.357
132.801
133.246
133.691
134.136
134.58
135.026
135.47
135.915
136.36
136.805
137.249
137.694
138.139
138.584
139.029
139.473
139.918
140.362
140.808
141.253
141.697
142.142
142.587
143.032
143.476
143.921
144.366
144.811
145.255
145.7
146.145
146.59
147.035
147.479
147.924
148.369
148.814
149.258
149.704
150.148
150.593
151.038
151.483
151.927
152.372
152.817
153.262
153.706
154.152
154.597
155.041
155.486
155.93
156.375
156.82
157.265
157.71
158.154
158.6
159.044
159.489
159.934
160.378
160.823
161.268
161.713
162.157
162.602
163.047
163.492
163.937
164.382
164.826
165.271
165.716
166.161
166.606
167.05
167.495
167.94
168.385
168.829
169.274
169.719
170.164
170.609
171.053
171.499
171.943
172.388
172.833
173.277
173.722
174.167
174.612
175.057
175.501
175.946
176.391
176.836
177.28
177.726
178.171
178.615
179.06
179.505
179.949
180.394
180.839
181.283
181.729
182.173
182.618
183.063
183.508
183.952
184.398
184.842
185.286
185.732
186.176
186.621
187.066
187.511
187.956
188.401
188.845
189.29
189.735
190.179
190.625
191.07
191.514
191.959
192.403
192.848
193.293
193.738
194.183
194.627
195.072
195.517
195.961
196.406
196.852
197.295
197.741
198.187
198.631
199.075
199.521
199.965
200.41
200.855
201.299
201.744
202.189
202.634
203.079
203.523
203.968
204.414
204.858
205.302
205.747
206.192
206.636
207.082
207.526
206.235
206.615
205.845
205.116
205.464
204.992
204.986
204.981
204.975
204.969
204.964
204.958
204.953
204.947
204.941
204.936
204.93
204.924
204.919
204.913
204.907
204.902
204.896
204.891
204.885
204.88
204.874
204.868
204.862
204.857
204.852
204.846
204.84
204.834
204.829
204.823
204.817
204.812
204.807
204.801
204.795
204.789
204.785
204.778
204.773
204.767
204.761
204.756
204.751
204.745
204.739
204.734
204.728
204.722
204.717
204.711
204.705
204.7
204.694
204.689
204.683
204.678
204.672
204.665
204.661
204.655
204.649
204.644
204.638
204.632
204.627
204.622
204.616
204.61
204.604
204.598
204.594
204.588
204.582
204.577
204.57
204.565
204.56
204.554
204.548
204.542
204.537
204.531
204.526
204.52
204.515
204.509
204.503
204.498
204.492
204.486
204.481
204.475
204.469
204.464
204.458
204.452
204.447
204.442
204.436
204.43
204.424
204.419
204.413
204.407
204.402
204.397
204.392
204.385
204.379
204.374
204.369
204.363
204.357
204.351
204.346
204.341
204.335
204.329
204.324
204.318
204.312
204.306
204.3
204.295
204.289
204.284
204.278
204.273
204.267
204.262
204.256
204.25
204.245
204.239
204.233
204.228
204.222
204.217
204.211
204.205
204.2
204.194
204.189
204.183
204.178
204.172
204.166
204.161
204.155
204.149
204.144
204.138
204.133
204.126
204.121
204.116
204.109
204.104
204.099
204.093
204.088
204.083
204.076
204.07
204.065
204.059
204.053
204.049
204.043
204.037
204.031
204.026
204.02
204.014
204.009
204.004
203.997
203.992
203.986
203.981
203.975
203.97
203.964
203.958
203.953
203.947
203.941
203.936
203.93
203.925
203.919
203.913
203.908
203.902
203.897
203.891
203.885
203.88
203.874
203.869
203.863
203.857
203.852
203.846
203.841
203.835
203.829
203.824
203.818
203.813
203.806
203.801
203.795
203.79
203.784
203.779
203.773
203.768
203.762
203.756
203.75
203.745
203.739
203.734
203.728
203.723
203.716
203.711
203.705
203.7
203.694
203.689
203.683
203.677
203.672
203.666
203.66
203.655
203.649
203.644
203.638
203.633
203.627
203.621
203.616
203.61
203.605
203.599
203.593
203.588
203.582
203.576
203.571
203.564
203.56
203.554
203.548
203.542
203.537
203.532
203.525
203.52
203.515
203.508
203.504
203.498
203.492
203.486
203.481
203.475
203.469
203.464
203.458
203.453
203.447
203.442
203.436
203.43
203.424
203.419
203.413
203.408
203.402
203.396
203.391
203.385
203.379
203.374
203.368
203.363
203.357
203.352
203.346
203.34
203.335
203.329
203.324
203.318
203.312
203.307
203.3
203.295
203.289
203.284
203.279
203.273
203.267
203.262
203.257
203.251
203.245
203.239
203.233
203.228
203.222
203.217
203.211
203.205
203.2
203.194
203.189
203.183
203.177
203.171
203.166
203.16
203.155
203.149
203.144
203.138
203.132
203.127
203.121
203.115
203.11
203.104
203.099
203.092
203.088
203.082
203.076
203.071
203.065
203.06
203.054
203.048
203.043
203.036
203.032
79.6872
199.594
117.993
121.602
199.078
140.807
174.578
174.883
175.188
175.493
175.797
176.102
176.407
176.712
177.016
177.321
177.626
177.93
178.235
178.54
178.844
179.149
179.454
179.759
180.064
180.368
180.673
180.978
181.282
181.587
181.892
182.196
182.501
182.806
183.111
183.415
183.72
184.025
184.33
184.634
184.939
185.243
185.548
185.853
186.158
186.463
186.767
187.072
187.376
187.681
187.985
188.291
188.595
188.9
189.205
189.509
189.814
190.119
190.424
190.728
191.033
191.338
191.642
191.947
192.252
192.556
192.861
193.165
193.47
193.775
194.08
194.384
194.69
194.994
195.299
195.603
195.908
196.212
196.517
196.822
197.127
197.432
197.736
198.041
198.345
198.65
198.955
199.26
199.564
199.869
200.174
200.478
200.783
201.088
201.393
201.697
202.002
202.307
202.611
202.917
203.221
203.525
203.831
204.135
204.44
204.745
205.049
205.354
205.658
205.963
206.268
206.573
206.878
207.182
207.487
207.792
208.096
208.401
208.706
209.01
209.315
209.62
209.924
210.229
210.533
210.838
211.143
211.448
211.753
212.058
212.362
212.667
212.972
213.276
213.581
213.886
214.19
214.495
214.799
215.104
215.409
215.714
216.019
216.323
216.628
216.932
217.237
217.542
217.847
218.151
218.456
218.761
219.066
219.371
219.675
219.98
220.284
220.589
220.894
221.198
221.503
221.807
222.112
222.417
222.722
223.026
223.332
223.636
223.941
224.246
224.55
224.855
225.16
225.465
225.769
226.074
226.379
226.683
226.988
227.293
227.597
227.902
228.207
228.512
228.815
229.121
229.426
229.73
230.035
230.34
230.644
230.949
231.254
231.559
231.864
232.168
232.472
232.777
233.081
233.387
233.692
233.996
234.301
234.606
234.91
235.215
235.52
235.824
236.129
236.434
236.739
237.043
237.347
237.653
237.957
238.262
238.567
238.871
239.176
239.481
239.786
240.09
240.395
240.7
241.005
241.309
241.614
241.919
242.223
242.528
242.833
243.137
243.441
243.747
243.175
243.448
243.139
242.851
243.107
242.949
243.027
243.104
243.182
243.26
243.336
243.414
243.492
243.569
243.646
243.724
243.801
243.879
243.956
244.033
244.111
244.188
244.266
244.344
244.421
244.498
244.576
244.653
244.731
244.808
244.885
244.963
245.04
245.117
245.195
245.273
245.35
245.427
245.505
245.582
245.66
245.738
245.815
245.893
245.97
246.047
246.125
246.202
246.278
246.357
246.434
246.512
246.589
246.666
246.744
246.822
246.899
246.976
247.054
247.131
247.208
247.286
247.363
247.441
247.518
247.595
247.673
247.751
247.828
247.905
247.983
248.06
248.138
248.215
248.292
248.37
248.447
248.525
248.603
248.679
248.757
248.834
248.912
248.99
249.067
249.144
249.222
249.3
249.377
249.454
249.532
249.609
249.687
249.764
249.841
249.919
249.996
250.073
250.151
250.229
250.305
250.383
250.461
250.538
250.616
250.693
250.771
250.848
250.925
251.003
251.08
251.158
251.236
251.313
251.391
251.468
251.545
251.622
251.7
251.777
251.854
251.932
252.009
252.087
252.165
252.242
252.32
252.397
252.474
252.552
252.629
252.707
252.784
252.862
252.939
253.017
253.093
253.171
253.249
253.326
253.403
253.481
253.558
253.635
253.714
253.791
253.868
253.946
254.023
254.101
254.178
254.255
254.332
254.41
254.488
254.565
254.642
254.719
254.798
254.875
254.952
255.029
255.107
255.184
255.262
255.339
255.417
255.494
255.572
255.649
255.727
255.804
255.881
255.959
256.036
256.114
256.191
256.268
256.346
256.424
256.501
256.579
256.656
256.732
256.811
256.889
256.966
257.043
257.12
257.197
257.275
257.353
257.43
257.508
257.585
257.662
257.74
257.817
257.895
257.973
258.049
258.127
258.205
258.282
258.36
258.436
258.514
258.592
258.669
258.747
258.824
258.901
258.979
259.056
259.134
259.211
259.289
259.366
259.444
259.52
259.598
259.676
259.753
259.831
259.908
259.986
260.063
260.14
260.218
260.295
260.373
260.451
260.527
260.606
260.682
260.76
260.838
260.915
260.992
261.07
261.147
261.225
261.303
261.38
261.457
261.534
261.611
261.69
261.767
261.844
261.922
261.999
262.076
262.154
262.231
262.309
262.386
262.464
262.541
262.618
262.696
262.774
262.852
262.928
263.006
263.084
263.16
263.238
263.316
263.393
263.47
263.548
263.625
263.703
263.78
263.857
263.935
264.012
264.089
264.168
264.244
264.323
264.4
264.476
264.555
264.632
264.709
264.787
264.863
264.942
265.019
265.096
265.174
265.251
265.329
265.406
265.484
264.839
264.888
264.459
264.048
264.085
263.78
263.67
263.56
263.451
263.34
263.23
263.118
263.009
262.899
262.789
262.679
262.568
262.458
262.348
262.238
262.128
262.017
261.906
261.796
261.687
261.575
261.466
261.356
261.246
261.136
261.026
260.916
260.805
260.695
260.584
260.474
260.365
260.254
260.143
260.034
259.924
259.814
259.703
259.592
259.483
259.374
259.262
259.152
259.042
258.932
258.821
258.711
258.602
258.491
258.381
258.27
258.16
258.051
257.94
257.83
257.72
257.609
257.499
257.389
257.278
257.168
257.059
256.948
256.838
256.728
256.617
256.508
256.398
256.288
256.177
256.067
255.957
255.846
255.736
255.625
255.515
255.406
255.295
255.185
255.075
254.965
254.855
254.744
254.634
254.523
254.414
254.303
254.193
254.084
253.973
253.863
253.752
253.642
253.532
253.422
253.311
253.201
253.092
252.981
252.871
252.761
252.65
252.54
252.43
252.319
252.21
252.099
251.989
251.879
251.769
251.659
251.548
251.438
251.328
251.218
251.108
250.997
250.887
250.777
250.667
250.557
250.446
250.337
250.227
250.117
250.006
249.896
249.786
249.675
249.565
249.455
249.345
249.235
249.124
249.014
248.904
248.794
248.683
248.573
248.462
248.352
248.243
248.133
248.023
247.913
247.802
247.692
247.581
247.471
247.361
247.251
247.141
247.03
246.92
246.81
246.7
246.59
246.479
246.368
246.259
246.148
246.039
245.929
245.818
245.708
245.598
245.488
245.378
245.267
245.157
245.047
244.937
244.827
244.716
244.606
244.495
244.386
244.276
244.166
244.055
243.944
243.835
243.725
243.615
243.504
243.394
243.283
243.173
243.063
242.953
242.842
242.733
242.623
242.513
242.402
242.292
242.182
242.072
241.961
241.85
241.741
241.63
241.521
241.411
241.3
241.19
241.079
240.969
240.859
240.75
240.639
240.529
240.419
240.309
240.198
240.088
239.978
239.868
239.757
239.647
239.537
239.427
239.317
239.206
239.096
238.986
238.876
238.765
238.656
238.545
238.434
238.325
238.214
238.104
237.994
237.884
237.774
237.664
237.554
237.443
227.203
226.713
219.518
212.551
211.881
206.42
203.681
200.944
198.205
195.467
192.728
189.991
187.252
184.514
181.775
179.037
176.298
173.561
170.822
168.084
165.345
162.608
159.869
157.131
154.392
151.654
148.916
146.177
143.439
140.701
137.962
135.224
132.486
129.748
127.009
124.271
121.533
118.794
116.057
113.317
110.579
107.841
105.103
102.365
99.6261
96.8877
94.1492
91.4115
88.6731
85.9345
83.1962
80.458
77.7195
74.9813
72.2428
69.5046
66.7661
64.0279
61.2895
58.5513
55.8131
53.0748
50.3365
47.5982
44.8599
53.9905
51.6969
57.2597
62.5551
60.4724
64.0027
64.3439
64.6846
65.0257
65.3664
65.7072
66.0484
66.389
66.7302
67.071
67.4118
67.7527
68.0936
68.4343
68.7754
69.1161
69.4573
69.7979
70.1388
70.48
70.8206
71.1615
71.5024
71.8433
72.1844
72.5252
72.8659
73.2069
73.5477
73.8887
74.2297
74.5704
74.9114
75.2523
75.5929
75.934
76.2748
76.6155
76.9568
74.4024
74.6346
72.9509
71.3318
71.5127
70.3246
69.9143
69.5042
69.094
68.6836
68.2733
67.8631
67.453
67.0428
66.6325
66.2223
65.8121
65.4018
64.9916
64.5814
64.1713
63.7608
63.3508
62.9405
62.5301
62.1199
61.7096
61.2994
60.8892
60.479
60.0687
59.6585
59.2481
58.8379
58.4279
58.0175
57.6074
