120.32
120.082
119.846
119.608
119.371
119.134
118.896
118.659
118.422
118.184
117.947
117.71
117.473
117.235
116.998
116.761
116.524
116.286
116.049
115.812
115.575
115.337
115.1
114.863
114.625
114.388
114.151
113.913
113.677
113.439
113.202
112.965
112.727
112.49
112.253
112.016
111.778
111.541
111.303
111.066
110.829
110.592
110.354
110.117
109.88
109.643
109.405
109.168
108.931
108.693
108.456
108.219
107.982
107.744
107.507
107.27
107.033
106.795
106.558
106.321
106.083
105.846
105.609
105.371
105.134
104.897
104.66
104.423
104.185
103.948
103.711
103.473
103.236
102.999
102.762
102.524
102.287
102.05
101.813
101.575
101.338
101.101
100.863
100.627
100.389
100.152
99.9143
99.6772
99.4398
99.2024
98.9653
98.7279
98.4907
98.2536
98.016
97.779
97.5415
97.3042
97.0671
96.8296
96.5926
96.3553
96.1183
95.8806
95.6434
95.4063
95.1689
94.9313
94.6945
94.4569
94.2196
93.9823
93.7451
91.1611
90.8358
88.9574
87.1317
86.7647
85.2876
84.4417
83.5959
82.7495
81.9034
81.0573
80.2113
79.3654
78.5191
77.6731
76.8268
75.9806
75.1348
74.2886
73.4425
72.5963
71.7502
70.9042
70.0582
69.2119
68.3658
67.5197
66.6737
65.8274
64.9815
64.1352
63.2891
62.4429
61.5972
60.7508
59.9047
59.0588
58.2127
57.3664
56.5203
55.6742
54.8282
53.982
53.1359
52.2899
51.4435
50.5978
49.7515
48.9054
48.0593
47.2131
46.3672
54.8822
54.387
60.0881
65.5783
65.2492
69.3474
70.93
72.5124
74.0951
75.6776
77.26
78.8427
80.4251
82.0075
83.5901
85.1726
86.7551
88.3376
89.9202
91.5027
93.0852
94.6681
96.2501
97.8326
99.4155
100.998
102.58
104.163
105.745
107.328
108.91
110.493
112.075
113.658
115.24
116.823
118.406
119.988
121.571
123.153
124.735
126.319
127.901
129.483
131.066
132.648
134.23
135.813
137.396
138.978
140.561
142.143
143.726
145.309
146.891
148.474
150.056
151.639
153.221
154.804
156.386
157.969
159.551
161.134
162.717
164.299
165.882
167.464
169.046
170.629
172.211
173.794
175.376
176.959
178.541
180.124
181.707
183.289
184.872
186.454
188.037
189.619
191.202
192.784
194.367
195.949
197.532
199.114
200.697
202.279
203.862
205.445
207.026
208.61
210.192
211.774
213.357
214.939
216.522
218.104
219.687
221.269
222.852
224.435
226.017
227.599
229.183
230.765
232.347
233.93
235.512
237.095
238.677
240.26
241.842
236.863
238.2
235.192
232.333
233.552
231.668
231.549
231.429
231.308
231.189
231.069
230.95
230.829
230.709
230.589
230.469
230.349
230.229
230.109
229.989
229.869
229.749
229.629
229.51
229.39
229.27
229.15
229.029
228.909
228.789
228.669
228.549
228.429
228.309
228.189
228.069
227.95
227.829
227.71
227.589
227.47
227.349
227.23
227.109
226.989
226.87
226.75
226.63
226.509
226.389
226.269
226.149
226.03
225.91
225.789
225.669
225.55
225.429
225.309
225.189
225.07
224.95
224.83
224.71
224.589
224.469
224.349
224.23
224.109
223.99
223.87
223.75
223.63
223.51
223.39
223.27
223.15
223.03
222.909
222.79
222.669
222.55
222.43
222.309
222.189
222.07
221.95
221.83
221.709
221.59
221.47
221.35
221.229
221.109
220.989
220.869
220.749
220.63
220.51
220.39
221.647
221.578
222.421
223.233
223.19
223.797
224.034
224.272
224.509
224.746
224.984
225.22
225.458
225.695
225.932
226.169
226.407
226.644
226.881
227.119
227.357
227.594
227.831
228.068
228.306
228.542
228.78
229.017
229.254
229.492
229.729
229.966
230.203
230.441
230.678
230.915
231.152
231.39
231.627
231.865
232.101
232.339
232.576
232.813
233.051
233.289
233.525
233.763
234.0
234.237
234.474
234.711
234.948
235.186
235.423
235.661
235.898
236.135
236.372
236.61
236.847
237.084
237.322
237.559
237.797
238.034
238.271
238.508
238.745
238.983
239.22
239.457
239.695
239.931
240.169
240.407
240.643
240.881
241.118
241.356
241.593
241.83
242.067
242.305
242.542
242.779
243.016
243.254
243.491
243.728
243.966
244.203
244.44
244.677
244.915
245.152
245.39
245.627
245.864
246.101
246.339
246.576
246.813
247.05
247.287
247.524
247.761
248.0
248.236
248.474
248.711
248.948
249.186
249.422
249.661
249.898
250.135
250.372
250.609
250.846
251.084
251.321
251.559
251.795
252.033
252.27
252.508
252.745
252.982
253.219
253.456
253.695
253.931
254.168
254.406
254.642
254.88
255.118
255.355
255.593
255.829
256.066
256.305
256.541
256.779
257.016
257.253
257.49
257.728
257.965
258.203
258.439
258.677
258.914
259.151
259.388
259.626
259.863
260.101
260.338
260.575
260.812
261.049
261.286
261.525
261.761
261.999
262.237
262.472
262.711
262.948
263.185
263.422
263.659
263.896
264.134
264.372
258.848
258.869
255.078
251.415
251.334
248.529
247.272
246.014
244.757
243.499
242.243
240.985
239.728
238.471
237.213
235.956
234.699
233.441
232.184
230.927
229.669
228.413
227.155
225.898
224.641
223.383
222.126
220.869
219.612
218.353
217.096
215.84
214.582
213.325
212.067
210.81
209.553
208.296
207.039
205.781
204.523
203.266
202.009
200.752
199.495
198.237
196.98
195.723
194.465
193.208
191.951
190.694
189.436
188.179
186.922
185.665
184.408
183.15
181.892
180.635
179.378
178.12
176.864
175.606
174.349
173.091
171.835
170.577
169.319
168.063
166.805
165.548
164.291
163.033
161.776
160.519
159.262
158.004
156.746
155.49
154.232
152.975
151.718
150.46
149.203
147.946
146.689
145.431
144.174
142.917
141.659
140.402
139.145
137.888
136.63
135.373
134.116
132.858
131.601
130.344
129.087
127.829
126.572
125.315
124.057
122.8
121.543
120.285
119.029
117.771
116.514
115.256
113.999
112.742
111.485
110.227
108.97
107.713
106.455
105.198
103.941
102.684
101.426
100.169
98.912
97.6545
96.3971
95.1398
93.8825
92.6254
91.3679
90.1105
88.8535
87.5965
86.3389
85.0815
92.6144
91.6866
96.5772
101.27
100.498
103.883
104.907
105.93
106.953
107.976
109.0
110.023
111.046
112.069
113.092
114.116
115.139
116.162
117.185
118.208
119.232
120.255
121.278
122.301
123.324
124.348
125.371
126.394
127.417
128.44
129.463
130.487
131.51
132.533
133.556
134.579
135.602
136.626
137.649
138.672
139.696
140.719
141.742
141.451
142.425
142.529
142.662
143.613
143.942
144.624
145.306
145.988
146.671
147.353
148.035
148.717
149.399
150.081
150.764
151.446
152.128
152.811
153.492
154.175
154.857
155.539
156.221
156.904
157.586
158.268
158.95
159.632
160.314
160.997
161.679
162.362
163.044
163.726
164.408
165.09
165.772
166.454
167.137
167.819
168.501
169.183
169.866
170.547
171.23
171.912
172.595
173.277
173.959
174.641
175.323
176.005
176.687
177.369
178.052
178.734
179.417
180.099
180.781
181.462
182.145
182.827
183.51
184.192
184.874
185.556
186.238
186.92
187.603
188.285
188.968
189.65
190.332
191.014
191.696
192.378
193.06
193.743
194.425
195.107
195.789
196.472
197.154
197.836
198.518
199.2
199.883
200.565
201.247
201.929
202.611
203.294
203.976
204.659
205.34
206.023
206.705
207.387
208.069
208.751
209.434
210.116
210.798
211.48
212.162
212.844
211.578
212.186
211.506
210.868
211.442
211.094
211.271
211.448
211.625
211.801
211.977
212.153
212.33
212.507
212.683
212.859
213.037
213.213
213.389
213.566
213.743
213.919
214.095
214.272
214.448
214.624
214.801
214.977
215.153
215.33
215.507
215.683
215.859
216.036
216.213
216.389
216.566
216.742
216.918
217.095
217.271
217.448
217.624
217.801
217.977
218.153
218.33
218.507
218.682
218.86
219.036
219.212
219.389
219.565
219.742
219.918
220.095
220.271
220.447
220.624
220.801
220.977
221.154
221.33
221.507
221.683
221.859
222.036
222.212
222.389
222.565
222.741
222.918
223.095
223.271
223.447
223.624
223.8
223.977
224.153
224.329
224.507
224.684
224.859
225.036
225.212
225.389
225.565
225.741
225.918
226.095
226.27
226.448
226.624
226.8
226.977
227.153
227.33
227.506
227.683
227.859
228.036
228.212
228.388
228.565
228.742
228.918
229.094
229.271
229.447
229.623
229.8
229.977
230.153
230.329
230.506
230.682
230.859
231.035
231.212
231.388
231.564
231.741
231.917
232.094
232.27
232.447
232.623
232.799
232.977
233.153
233.329
233.506
233.682
233.859
234.035
223.607
223.385
216.145
209.143
208.734
203.309
200.734
198.159
195.584
193.009
190.435
187.86
185.285
182.71
180.135
177.56
174.985
172.411
169.836
167.261
164.686
162.11
159.537
156.961
154.387
151.812
149.237
146.662
144.087
141.513
138.938
136.362
133.788
131.213
128.638
126.063
123.489
120.913
118.338
115.763
127.35
125.306
132.635
139.645
137.853
142.757
143.857
144.956
146.054
147.154
148.253
149.352
150.45
151.55
152.649
153.748
154.847
155.946
157.045
158.144
159.243
160.342
161.441
162.54
163.64
164.738
165.838
166.936
168.036
169.135
170.233
171.333
172.432
173.531
174.63
175.729
176.828
177.927
179.026
180.125
181.224
182.323
183.422
184.521
185.62
186.719
187.819
188.918
190.016
191.116
192.214
193.313
194.413
195.511
196.61
197.71
198.809
199.907
201.007
202.106
203.205
204.304
205.403
206.502
207.6
208.7
209.799
210.898
211.998
213.096
214.195
215.294
216.394
217.493
218.591
219.69
220.789
221.888
222.987
224.087
225.186
226.284
227.383
228.483
229.582
230.681
231.78
232.879
233.978
235.077
236.176
237.275
238.374
239.473
240.572
241.672
242.77
243.869
244.968
246.067
247.166
248.266
249.365
250.464
251.563
252.661
253.761
254.86
255.959
257.057
258.157
256.992
258.006
257.523
257.09
258.064
257.967
258.479
258.99
259.502
260.014
260.525
261.038
261.55
262.061
262.573
263.084
263.597
264.108
264.62
265.132
265.643
266.156
266.667
267.178
267.691
268.203
268.714
269.226
269.738
270.25
270.762
271.273
271.785
272.297
272.809
273.319
273.833
274.344
274.856
275.367
275.88
276.391
276.903
277.414
277.926
278.438
278.95
279.461
279.973
280.486
280.997
281.509
282.021
282.533
283.045
283.556
284.067
284.58
285.091
285.603
286.114
286.627
287.138
287.65
288.162
288.674
289.186
289.697
290.209
290.721
291.232
291.744
292.256
292.768
293.28
293.791
294.304
294.815
295.327
295.838
296.35
296.863
297.374
297.886
298.398
298.91
299.421
299.933
300.444
300.956
301.469
301.981
302.492
303.003
303.515
304.027
304.54
305.051
305.563
306.074
306.587
307.098
307.61
308.122
308.634
309.146
309.657
310.169
310.681
311.193
311.705
312.216
312.728
313.24
313.751
314.262
314.775
315.287
315.798
316.309
316.821
317.333
317.845
318.357
318.869
319.381
319.893
303.451
303.327
291.982
281.017
280.593
272.15
268.264
264.378
260.491
256.604
252.717
248.831
244.944
241.058
237.172
233.285
229.398
225.512
221.625
217.738
213.852
209.965
206.078
202.192
198.306
194.419
190.533
186.645
182.759
178.873
174.986
171.099
167.213
163.326
159.439
155.553
151.667
147.78
143.893
140.007
136.12
132.234
128.347
124.461
120.574
116.687
112.8
108.914
105.027
101.141
97.2542
93.3676
89.4812
105.187
102.034
111.85
121.224
118.42
124.881
126.077
127.273
128.47
129.666
130.862
132.059
133.254
134.451
135.647
136.843
138.039
139.236
140.431
141.628
142.824
144.02
145.216
146.413
147.609
148.805
150.001
151.197
152.393
153.59
154.786
155.982
157.178
158.375
159.571
160.767
161.964
163.159
164.356
165.552
166.748
167.944
169.14
170.336
171.532
172.729
173.925
175.121
176.318
177.514
178.71
179.906
181.102
182.298
183.494
184.691
185.887
187.083
188.279
189.476
190.672
191.868
193.065
194.261
195.456
196.653
197.85
199.045
200.242
201.437
202.634
203.83
205.026
206.222
207.419
208.615
209.811
211.007
212.204
213.399
214.596
215.792
216.989
218.185
219.38
220.576
221.773
222.969
224.165
225.361
226.558
227.754
228.951
230.146
231.343
232.539
233.735
234.931
236.128
237.324
238.519
239.716
240.912
242.108
243.305
244.501
245.696
241.161
242.142
239.329
236.645
237.525
235.692
235.402
235.111
234.82
234.528
234.238
233.947
233.656
233.365
233.074
232.782
232.491
232.201
231.91
231.619
231.328
231.036
230.745
230.454
230.164
229.872
229.581
229.291
228.999
228.707
228.417
228.126
227.835
227.543
227.253
226.962
226.671
226.38
226.089
225.797
225.507
225.216
224.925
224.634
224.343
224.051
223.76
223.47
223.179
222.887
222.597
222.306
222.014
221.723
221.432
221.142
220.851
220.559
220.268
219.977
219.686
219.395
219.104
218.813
218.522
218.231
217.94
217.649
217.358
217.067
216.776
216.484
216.194
215.903
215.612
215.321
215.031
214.739
214.448
214.157
213.866
213.575
213.283
212.992
212.701
212.41
212.119
211.829
211.537
211.246
210.955
210.664
210.373
210.082
209.791
209.5
209.209
208.918
208.628
208.337
208.045
207.754
207.463
207.172
206.881
206.59
206.299
206.008
205.717
205.426
205.135
204.844
204.553
204.262
203.971
203.68
203.389
203.097
202.807
202.516
202.224
201.934
201.642
201.352
201.06
200.769
200.478
200.187
199.896
199.605
199.314
199.023
198.732
198.441
200.798
200.606
202.166
203.667
203.523
204.63
205.025
205.421
205.817
206.212
206.609
207.005
207.401
207.796
208.192
208.588
208.984
209.379
209.775
210.172
210.567
210.963
211.359
211.755
212.149
212.546
212.942
213.338
213.733
214.129
214.525
214.921
215.317
215.712
216.108
216.504
216.9
217.296
217.692
218.087
218.483
218.88
219.275
219.671
220.066
220.462
220.858
221.253
214.156
214.271
209.426
204.749
204.732
201.169
199.622
198.072
196.525
194.976
193.427
191.88
190.331
188.783
187.234
185.686
184.138
182.59
181.041
179.492
177.944
176.396
174.848
173.3
171.752
170.203
168.655
167.106
165.558
164.01
162.462
160.913
159.365
157.816
156.269
154.72
153.172
151.623
150.075
148.527
146.978
145.43
143.882
142.334
140.785
139.237
137.689
136.14
134.592
133.044
131.495
129.947
128.399
126.85
125.302
123.753
122.206
120.657
119.109
117.561
116.012
114.464
112.916
111.368
109.819
108.271
106.722
105.174
103.626
102.077
100.529
98.9813
97.4325
95.8843
94.3362
92.7878
91.2394
89.6911
88.1431
86.5947
85.0459
83.4982
81.9495
80.4015
78.8529
77.3049
75.7565
74.2082
72.6599
71.1118
69.5633
68.0151
66.4667
74.5325
73.3445
78.5201
83.4792
82.4618
85.9914
86.9371
87.883
88.8291
89.7752
90.7209
91.6666
92.6122
93.5585
94.5045
95.4505
96.3963
97.3422
98.288
99.234
100.18
101.126
102.071
103.017
103.963
104.909
105.855
106.801
107.747
108.693
109.638
110.584
111.531
112.476
113.422
114.368
115.314
116.26
117.205
118.151
119.098
120.043
120.989
121.936
122.881
123.827
124.773
125.719
126.665
127.611
128.556
129.502
130.448
131.394
132.34
133.286
134.232
135.178
136.123
137.07
138.015
138.961
139.907
140.853
141.799
142.745
143.691
144.637
145.582
146.529
147.474
148.42
149.366
150.312
151.258
152.204
153.15
154.096
155.042
155.988
156.934
157.879
158.825
159.771
160.717
161.663
162.609
163.555
164.5
165.447
166.392
167.338
168.284
169.23
170.176
171.122
172.068
173.014
173.96
174.906
175.851
176.797
177.744
178.689
179.635
180.581
181.527
182.472
183.418
184.364
185.31
186.256
187.202
188.149
189.094
190.04
190.986
191.932
192.877
193.824
194.769
195.715
196.661
197.607
198.553
199.499
200.445
201.391
202.336
203.282
204.228
205.174
206.12
207.066
208.012
208.958
209.904
210.85
211.795
212.741
213.687
214.634
215.579
216.525
217.47
218.417
219.363
220.308
213.926
214.598
210.419
206.405
206.946
204.022
203.066
202.111
201.156
200.201
199.246
198.29
197.335
196.38
195.425
194.47
193.515
192.56
191.604
190.648
189.694
188.739
187.783
186.828
185.873
184.918
183.962
183.008
182.052
181.097
180.142
179.188
178.232
177.277
176.321
175.367
174.412
173.456
172.501
171.546
170.59
169.635
168.68
167.725
166.77
165.814
164.859
163.904
162.949
161.993
161.039
160.083
159.128
158.173
157.218
156.262
155.307
154.353
153.398
152.442
151.487
150.532
149.577
148.622
147.666
146.711
145.756
144.801
143.846
142.89
141.936
140.98
140.025
139.07
138.115
137.159
136.204
135.249
134.294
133.339
132.383
131.428
130.473
129.518
128.563
127.608
126.652
125.697
124.742
123.787
122.832
121.877
120.922
119.966
119.011
118.056
117.1
116.146
115.19
114.235
113.28
112.325
111.37
110.414
109.46
108.504
107.549
106.594
105.639
104.684
103.728
102.773
101.818
100.863
99.9076
98.9525
97.9974
97.0423
96.087
95.1317
94.177
93.2213
92.2662
91.3109
90.356
89.4007
88.4459
87.4906
86.5354
85.5801
84.625
83.6697
82.7144
81.7597
84.3511
83.5289
85.0546
86.5003
85.7411
86.6594
86.6243
86.5893
86.5545
86.5195
86.4844
86.4495
86.4144
86.3793
86.3449
86.3097
86.2747
86.2397
86.2047
86.1696
86.1349
86.0999
86.0647
86.0301
85.995
85.9601
85.925
85.8901
85.8552
85.82
85.7853
85.7503
85.7152
85.6801
85.6454
85.6104
85.5754
85.5404
85.5056
85.4704
85.4354
85.4007
85.3657
85.3305
85.2959
85.2607
85.2258
85.1908
85.1559
85.1206
85.0862
85.0508
85.016
84.981
84.9462
84.9111
84.8761
84.8412
84.8061
84.7714
84.7364
84.7013
84.6664
84.6315
84.5964
84.5616
84.5267
84.4916
84.4568
84.4217
84.3867
84.3517
84.3169
84.2818
84.2468
84.2118
84.1769
84.1421
84.1068
84.0721
84.0371
84.0022
83.967
83.9323
83.8973
83.8622
83.8273
83.7924
83.7571
83.7223
83.6874
83.6523
83.6172
83.5825
83.5476
83.5127
83.4774
83.4428
83.4078
83.3728
83.3376
83.3029
83.2679
83.2331
83.1978
83.1632
83.1282
83.0931
83.058
83.0231
82.9882
82.9529
82.9184
82.8832
82.8481
82.8134
82.7783
82.7435
82.7083
82.6736
82.6385
82.6037
82.5686
82.5337
82.4987
82.4635
82.4288
82.3936
82.3586
82.3237
82.2889
82.2537
82.2191
82.1841
82.149
82.1141
82.079
82.044
82.0092
81.9743
81.9393
81.9044
81.8692
84.562
84.6291
86.502
88.3134
88.4288
89.8349
90.5076
91.1804
91.8529
92.5257
93.1981
93.871
94.5437
95.2162
95.8891
96.5617
97.2344
97.9068
98.5799
99.2524
99.925
100.598
101.27
101.943
102.616
103.288
103.961
104.634
105.307
105.979
106.652
107.325
107.997
108.671
109.343
110.015
110.688
111.361
112.034
112.706
113.379
114.052
114.724
115.397
116.07
116.742
117.415
118.088
118.76
119.433
120.106
120.778
121.451
122.124
122.797
120.626
121.191
119.876
118.623
119.139
118.31
118.245
118.18
118.115
118.05
117.985
117.92
117.855
117.79
117.724
117.66
117.595
117.53
117.465
117.399
117.335
117.269
117.204
117.139
117.074
117.009
116.944
116.879
116.814
116.749
116.684
116.619
116.554
116.489
116.424
116.359
116.294
116.229
116.164
116.099
116.034
115.969
115.904
115.839
115.773
115.709
115.644
115.579
115.514
115.448
115.383
115.318
115.254
115.188
115.123
115.058
114.993
114.928
114.863
114.798
114.733
114.667
114.603
114.538
114.472
114.408
114.343
114.277
114.212
114.148
114.083
114.018
113.952
113.888
113.822
113.758
113.692
113.627
113.562
113.497
113.432
113.367
113.302
113.237
113.172
113.107
113.042
112.977
112.912
112.847
112.782
112.717
112.652
112.587
112.522
112.457
112.392
112.327
112.262
112.197
112.132
112.067
112.001
111.936
111.871
111.806
111.741
111.676
111.611
111.546
111.481
111.416
111.351
111.286
111.221
111.156
111.091
111.026
110.961
110.896
110.831
110.766
110.701
112.862
112.88
114.373
115.815
115.873
116.984
117.496
118.008
118.521
119.034
119.547
120.059
120.571
121.084
121.596
122.109
122.622
123.134
123.647
124.159
124.672
125.185
125.697
126.21
126.722
127.235
127.747
128.26
128.773
129.286
129.798
130.311
130.823
131.335
131.848
132.361
132.874
133.386
133.899
134.411
134.924
135.436
135.949
136.462
136.974
137.487
137.999
138.512
139.024
139.537
140.049
140.562
141.074
141.587
142.1
142.613
143.125
143.638
144.15
144.663
145.175
145.688
146.2
146.713
147.225
147.739
148.251
148.763
149.276
149.788
150.301
150.814
151.326
151.839
152.351
152.864
153.377
153.889
154.402
154.914
155.427
155.939
156.452
156.964
157.477
157.989
158.503
159.014
159.527
160.039
160.552
161.065
161.578
162.09
162.603
163.115
163.627
164.141
164.652
165.166
165.678
166.191
166.703
167.216
167.729
168.241
168.753
169.266
169.779
170.291
170.804
171.317
171.829
172.341
172.855
173.367
173.88
174.392
174.905
181.527
182.268
187.053
191.7
192.551
196.289
198.387
200.484
202.582
204.68
206.777
208.875
210.971
213.069
215.167
217.264
219.362
221.459
223.556
225.654
227.751
229.848
231.947
234.044
236.141
238.239
240.336
242.434
244.531
246.628
248.726
250.823
252.92
255.018
257.115
259.213
261.311
263.408
265.505
267.603
269.7
253.302
254.705
243.866
233.444
234.521
226.849
224.147
221.446
218.745
216.044
213.343
210.641
207.941
205.239
202.539
199.837
197.136
194.435
191.733
189.033
186.331
183.63
180.929
178.228
175.527
172.826
170.125
167.423
164.722
162.021
159.32
156.619
153.918
151.216
148.514
145.814
143.112
140.411
137.71
135.009
132.308
129.608
126.905
124.204
121.503
118.802
116.101
113.4
110.699
107.997
105.297
102.595
99.8943
97.1927
94.4921
91.7906
89.0895
86.3886
83.6874
80.9862
78.285
75.584
72.8829
70.1816
67.4803
64.7793
62.0782
59.3771
56.6759
53.9749
51.2736
48.5724
45.8713
43.1702
40.4691
37.7679
35.0667
43.8951
41.6259
46.9881
52.0908
50.0264
53.4145
53.7045
53.9946
54.2845
54.5745
54.8643
55.1542
55.4441
55.7341
56.024
56.3138
56.6039
56.8936
57.1835
57.4736
57.7635
58.0535
58.3434
58.6333
58.9232
59.2129
59.5031
59.7929
60.0829
60.3727
60.6627
60.9527
61.2426
61.5326
61.8225
62.1124
62.4025
62.6922
62.9821
63.272
63.562
63.8518
64.1419
64.4317
64.7216
65.0117
65.3017
65.5915
65.8814
66.1712
66.4614
66.7513
67.041
67.331
67.621
67.9109
68.2011
68.4907
68.7805
69.0705
69.3605
69.6503
69.9402
70.2305
70.5202
70.8099
71.1001
71.39
71.6799
71.9699
72.2598
72.5497
72.8395
73.1295
73.4193
73.7093
73.9993
74.2894
74.5791
74.8691
75.159
75.4489
75.7389
76.0288
76.3185
76.6084
76.8985
77.1885
77.4784
77.7684
78.0582
78.3482
78.6381
78.9281
79.2179
79.5077
79.7977
80.0878
80.3777
80.6674
80.9574
81.2475
81.5374
81.8272
82.1171
82.4071
82.697
82.9871
83.2769
83.5667
83.8568
84.1467
84.4364
84.7266
85.0164
85.3064
85.5963
85.886
86.176
86.466
86.756
87.0462
87.3358
87.6256
87.9156
88.2056
88.4956
88.7855
89.0755
89.3654
89.6552
89.9453
90.2349
90.5249
90.8148
91.1045
91.3949
91.6848
91.9747
92.2644
92.5544
92.8443
93.1344
93.4242
93.7144
94.0041
94.294
94.5839
94.8737
95.1638
95.4537
95.7437
96.0335
96.3235
96.6131
96.9032
97.1933
97.4831
97.7732
98.0628
98.3529
98.6427
98.933
99.2225
99.5127
99.8023
100.092
100.382
100.672
118.22
119.157
131.517
143.488
144.731
154.136
158.903
163.67
168.437
173.205
177.972
182.738
187.506
192.274
197.041
201.808
206.575
211.342
216.109
220.877
225.643
230.411
235.179
239.945
244.713
249.48
254.247
259.014
263.781
268.548
273.315
278.083
282.85
287.616
292.385
297.152
301.919
306.686
311.453
316.22
320.988
325.755
330.522
314.674
318.669
309.019
299.833
303.461
297.341
296.76
296.178
295.598
295.017
294.436
293.855
293.273
292.693
292.111
291.531
290.95
290.369
289.789
289.207
288.627
288.046
287.464
286.884
286.303
285.722
285.141
284.56
283.979
283.398
282.817
282.237
281.656
281.074
280.494
279.913
279.332
278.751
278.17
277.589
277.009
276.428
275.845
275.265
274.684
274.103
273.523
272.942
272.361
271.78
271.199
270.617
270.037
269.456
268.876
268.294
267.714
267.133
266.552
265.971
265.39
264.809
264.228
263.647
263.066
262.485
261.904
261.323
260.742
260.161
259.581
258.999
258.418
257.837
257.257
256.676
256.095
255.514
254.933
254.352
253.771
253.19
252.609
252.028
251.447
250.866
250.285
249.705
249.124
248.543
247.962
247.381
246.8
246.219
245.639
245.057
244.477
243.896
243.314
242.733
242.153
241.572
240.991
240.41
239.83
231.907
231.051
225.335
219.785
218.799
214.34
211.854
209.368
206.883
204.397
201.912
199.426
196.941
194.455
191.969
189.484
186.998
184.513
182.027
179.541
177.057
174.57
172.085
169.6
167.113
164.628
162.142
159.657
157.171
154.686
152.2
149.714
147.229
144.744
142.258
139.773
137.286
134.801
132.316
129.83
127.344
124.859
122.373
119.887
117.402
114.917
112.431
109.945
107.46
104.974
102.489
100.003
97.5173
95.0316
92.5462
90.0608
87.5752
85.0893
82.604
80.1188
77.6327
75.1471
72.6616
70.1759
67.6905
65.2052
62.7193
60.2338
57.7483
55.2628
67.3053
65.3642
73.0393
80.3878
78.7044
83.892
85.1757
86.4592
87.7427
89.0263
90.3096
91.5932
92.8766
94.1602
95.4437
96.7273
98.0107
99.2943
100.578
101.861
103.145
104.428
105.712
106.995
108.279
109.562
110.846
112.129
113.413
114.696
115.98
117.264
118.547
119.83
121.114
122.398
123.681
124.965
126.248
127.532
128.815
130.098
131.382
132.666
133.949
135.232
136.516
137.799
139.083
140.367
141.65
142.934
144.217
145.501
146.784
148.068
149.351
150.635
151.918
153.202
154.485
155.769
157.052
158.336
159.619
160.903
162.186
161.36
162.564
162.372
162.228
163.395
163.564
164.3
165.036
165.773
166.509
167.245
167.981
168.717
169.453
170.189
170.925
171.662
172.398
173.134
173.87
174.606
175.343
176.079
176.815
177.551
178.287
179.023
179.759
180.495
181.232
181.968
182.704
183.44
184.176
184.913
185.649
186.385
187.12
187.857
188.593
189.33
190.066
190.801
191.538
192.274
193.01
193.747
194.483
195.219
195.954
196.691
197.427
198.163
198.899
199.635
200.372
201.107
201.844
202.581
203.316
204.052
204.789
205.525
206.261
206.998
207.734
208.47
209.206
209.942
210.678
211.414
212.15
212.886
213.623
214.359
215.095
215.831
216.568
217.303
218.039
218.776
219.512
220.248
220.983
221.721
222.457
223.193
223.929
224.665
225.401
226.137
226.873
227.61
228.345
229.082
229.818
230.554
231.291
232.027
232.763
233.499
234.235
234.971
235.708
236.443
237.18
237.916
238.651
239.388
240.124
240.861
241.597
242.333
243.069
243.805
244.541
245.277
246.013
246.75
247.486
248.222
248.958
249.695
250.43
251.167
251.903
252.639
253.375
254.111
254.847
255.584
256.32
257.056
257.793
258.528
259.264
260.001
260.737
261.473
262.208
262.945
263.681
264.418
265.154
265.89
266.626
267.362
268.098
268.834
269.571
270.306
271.043
271.779
272.516
273.252
273.987
274.724
275.46
276.196
276.932
277.668
278.405
279.141
276.257
276.858
275.062
273.347
273.883
272.707
272.505
272.303
272.099
271.896
271.693
271.49
271.287
271.084
270.881
270.677
270.475
270.272
270.068
269.866
269.663
269.459
269.256
269.054
268.851
268.648
268.445
268.242
268.039
267.837
267.632
267.43
267.228
267.024
266.821
266.618
266.415
266.212
266.008
265.806
265.603
265.4
265.197
264.994
264.791
264.587
264.385
264.183
263.979
263.775
263.573
263.37
263.167
262.964
262.761
262.558
262.355
262.152
261.949
261.746
261.543
261.341
261.137
260.934
260.732
260.528
260.325
260.122
259.919
259.716
259.512
259.31
259.107
258.904
258.701
258.498
258.295
258.092
257.889
257.686
257.483
257.28
257.077
256.874
256.671
256.469
256.266
256.063
255.86
255.656
255.454
255.25
255.047
254.845
254.641
254.439
254.235
254.032
253.83
253.627
253.424
253.221
253.017
252.814
252.611
252.408
252.205
252.002
251.8
251.597
251.393
251.19
250.987
250.784
250.581
250.378
250.175
249.972
249.769
249.567
249.363
249.16
248.957
248.755
248.552
248.349
248.146
247.943
247.739
247.536
247.334
247.13
246.927
246.112
245.887
245.256
244.64
244.403
243.876
243.514
243.153
242.791
242.429
242.067
241.706
241.345
240.983
240.62
240.259
239.897
239.536
239.175
238.813
238.451
238.089
237.728
237.366
237.005
236.642
236.281
235.919
235.557
235.196
234.834
234.473
234.11
233.749
233.387
233.025
232.664
232.303
231.94
231.579
231.218
230.856
230.493
230.132
229.771
229.409
229.047
228.686
228.324
227.961
227.601
227.239
226.877
226.516
226.153
225.792
225.431
225.069
224.708
224.345
223.983
223.622
223.26
222.898
222.537
222.175
221.814
221.451
221.09
220.728
220.366
220.005
219.643
219.281
218.919
218.558
218.196
217.835
217.473
217.111
216.75
216.388
216.027
215.665
215.303
214.941
214.58
214.218
213.857
213.495
213.133
212.771
212.411
212.048
211.686
211.325
210.963
210.601
210.239
209.878
209.516
209.155
208.792
208.431
208.069
207.708
207.346
206.984
206.623
206.261
205.899
205.537
205.176
204.815
204.452
204.091
203.73
203.368
203.006
202.644
202.283
201.921
201.559
201.197
200.836
200.474
200.112
199.751
199.389
199.027
198.666
198.304
197.943
197.58
197.219
196.857
196.496
196.134
195.772
195.41
195.049
197.954
197.715
199.637
201.486
201.305
202.668
203.154
203.64
204.125
204.611
205.097
205.583
206.068
206.554
207.039
207.525
208.011
208.496
208.982
209.468
209.954
210.439
210.925
211.41
211.896
212.382
212.867
213.353
213.839
214.325
214.81
215.296
215.783
216.267
216.753
217.238
217.725
218.21
218.696
219.181
219.668
220.153
220.639
221.124
221.61
222.096
222.581
223.067
223.552
224.038
224.524
225.01
225.496
225.981
226.467
226.953
227.438
227.924
228.41
228.895
229.381
229.867
230.353
230.838
231.324
231.809
232.296
232.781
233.267
233.753
234.238
234.724
235.209
235.695
236.18
236.666
237.152
237.637
238.123
238.609
239.095
239.58
240.066
240.552
241.037
241.523
242.009
242.494
242.98
243.466
243.952
244.438
244.923
245.409
245.894
246.381
246.866
247.352
247.837
248.323
248.809
249.294
249.78
250.266
250.751
251.237
251.723
252.208
252.694
253.18
253.666
254.152
254.637
255.123
255.609
256.094
256.58
257.065
257.551
258.037
258.523
259.008
259.493
259.98
260.464
260.951
261.436
261.922
262.407
262.893
263.38
263.865
264.35
264.836
265.323
265.808
266.293
266.779
267.265
267.751
241.084
240.552
222.049
204.155
203.142
189.287
182.728
176.169
169.61
163.052
156.494
149.935
143.377
136.818
130.26
123.701
117.143
110.584
104.026
97.4675
90.9087
84.3505
77.7918
71.2332
64.6752
58.1166
51.5581
44.9997
38.4411
31.8829
25.3243
18.7659
12.2071
5.64889
28.2926
22.8283
36.6935
49.9007
44.9552
53.8204
54.8379
55.8553
56.8728
57.8902
58.9077
59.9252
60.9427
61.9603
62.9777
63.9951
65.0127
66.0303
67.0479
68.0652
69.0826
70.1002
71.1177
72.1351
73.1526
74.1701
75.1876
76.2053
77.2223
78.2399
79.2576
80.275
81.2927
82.3099
83.3277
84.3451
85.3625
86.3801
87.3975
88.4152
89.4324
90.4498
91.4672
92.4848
93.5022
94.5196
95.5374
96.5547
97.5725
98.5898
99.6074
100.625
101.642
102.66
103.677
104.695
105.712
106.73
107.747
108.765
109.782
110.799
111.817
112.835
113.852
114.869
115.887
116.905
117.922
118.939
119.957
120.974
121.992
123.01
124.027
125.044
126.062
127.079
128.097
129.114
130.132
131.149
132.167
133.184
134.202
135.219
136.237
137.254
138.272
139.289
140.307
141.325
142.342
143.359
144.377
145.394
146.412
147.429
148.447
149.465
150.481
151.499
152.517
153.534
154.552
155.569
156.586
157.604
158.622
159.639
160.656
161.674
162.691
163.709
158.946
159.747
156.721
153.826
154.524
152.487
152.006
151.523
151.041
150.559
150.077
149.595
149.112
148.63
148.148
147.666
147.184
146.701
146.219
145.737
145.255
144.772
144.29
143.808
143.326
142.843
142.361
141.879
141.397
140.914
140.432
139.95
139.468
138.985
138.503
138.021
137.539
137.056
136.574
136.092
135.609
135.127
134.645
134.163
133.68
133.199
132.716
132.234
131.752
131.269
130.788
130.305
129.822
129.34
128.858
128.376
127.894
127.411
126.929
126.447
125.965
125.483
125.0
124.518
124.036
123.554
123.071
122.589
122.107
121.624
121.142
120.66
120.178
119.695
119.213
118.731
118.249
117.766
117.284
116.802
116.32
115.838
115.356
114.873
114.391
113.909
113.426
112.944
112.462
111.98
111.497
111.015
110.533
110.051
109.569
109.086
108.604
108.122
107.64
107.157
106.675
106.193
105.71
105.228
104.746
104.264
103.781
103.299
102.817
102.335
101.853
101.37
100.888
100.406
99.9237
99.4414
98.9588
98.4767
97.9945
97.5124
97.0301
96.5478
96.0657
95.5836
95.1016
94.6188
94.1365
93.6545
93.1723
92.69
92.2078
91.7253
91.243
90.761
90.2787
89.7967
89.3141
88.8322
88.3497
87.8675
87.3851
88.3366
87.9082
88.4282
88.9167
88.5134
88.7885
88.6779
88.5675
88.457
88.3469
88.2366
88.1264
88.0157
87.9058
87.7952
87.6851
87.5746
87.4645
87.354
87.2435
87.133
87.0231
86.9126
86.8023
86.6916
86.5816
86.4711
86.3609
86.2505
86.1402
86.0299
85.9194
85.8092
85.6987
85.5885
85.478
85.3679
85.2575
85.1473
85.0367
84.9264
84.8159
84.7057
84.5956
84.485
84.3746
84.2645
84.1542
84.0439
83.9332
83.8231
83.7128
83.6024
83.4921
83.3818
83.2714
83.1611
83.0507
82.9403
82.8301
82.7198
82.6095
82.4991
82.3886
82.2782
82.1681
82.0576
81.9472
81.8371
81.7266
81.6164
81.5059
81.3956
81.2854
81.1748
81.0647
80.9543
80.8438
80.7338
80.6234
80.5129
80.4028
80.2922
80.1817
80.0715
79.9613
79.8509
79.7408
79.6299
79.52
79.4094
79.2993
79.1887
79.0783
78.9681
78.8578
78.7476
78.6372
78.527
78.4165
78.3061
78.1958
78.0856
77.9753
77.8647
77.7545
77.6442
77.5338
77.4231
77.3131
77.2028
77.0924
76.982
76.8718
76.7612
76.651
76.5407
76.4305
76.3201
76.2097
76.0994
75.9892
75.8786
75.7682
75.6581
75.5477
75.4372
75.327
75.2168
75.1063
74.996
74.8857
74.7753
74.6649
74.5546
74.4445
74.3337
74.2234
74.1132
74.0029
73.8924
73.7822
73.6719
73.5616
73.4511
74.2717
74.196
74.7368
75.2565
75.1974
75.5789
75.7101
75.8412
75.9725
76.1037
76.2347
76.3657
76.4969
76.6282
76.7593
76.8903
77.0215
77.1526
77.2838
77.415
77.5462
77.6773
77.8084
77.9393
78.0705
78.2016
78.3328
78.4641
78.5953
78.7263
78.8574
78.9885
79.1198
79.2511
79.3822
79.5131
79.6442
79.7753
79.9068
80.0378
80.1689
80.3
80.4311
80.5622
80.6935
80.8245
80.9557
81.0868
81.2179
81.3492
81.4801
81.6114
81.7425
81.8737
82.0049
82.1361
82.2671
82.3982
82.5293
82.6606
82.7915
82.9228
83.0538
83.1849
83.3162
83.4473
83.5787
83.7094
83.8407
83.9719
84.1029
84.2341
84.3653
84.4964
84.6277
84.7585
84.8897
85.021
85.1523
85.2832
85.4146
85.5456
85.6767
85.808
85.9388
86.0702
86.2014
86.3325
86.4636
86.5947
86.7258
86.857
86.988
87.1191
87.2505
87.3815
87.5125
87.6438
87.7748
87.9062
88.0375
88.1684
88.2996
88.4307
88.5619
88.6929
88.8242
88.9555
89.0863
89.2175
89.3484
89.4798
89.6111
89.7421
89.8733
90.0044
90.1354
90.2667
90.3976
90.5289
90.66
90.7912
90.5393
90.656
90.519
90.391
90.5011
90.43
90.4615
90.4933
90.5248
90.5568
90.5882
90.6202
90.652
90.6838
90.7153
90.7473
90.7785
90.8107
90.8422
90.8742
90.9061
90.9375
90.9692
91.0012
91.0328
91.0647
91.0965
91.1281
91.16
91.1916
91.2232
91.2553
91.2868
91.3183
91.3503
91.3822
91.4136
91.4455
91.4772
91.5087
91.5408
91.5726
91.6043
91.6358
91.6678
91.6995
91.7311
91.7632
91.7945
91.8265
91.8581
91.8899
91.9217
91.9535
91.9852
92.017
92.0487
92.0805
92.1123
92.1438
92.1754
92.2075
92.2391
92.4401
92.4783
92.6283
92.7746
92.8156
92.9367
93.0121
93.0877
93.1632
93.2392
93.3144
93.3903
93.4658
93.5417
93.617
93.6928
93.7682
93.8441
93.9195
93.9951
94.071
94.1466
94.2225
94.2978
94.3736
94.449
94.5248
94.6
94.676
94.7515
94.827
94.9026
94.9784
95.0543
95.1296
95.2053
95.2808
95.3568
95.4321
95.5078
95.5834
95.659
95.7346
95.8105
95.8857
95.9619
96.0373
96.1127
96.1887
96.2642
96.3397
96.4154
96.4912
96.5664
96.6423
96.7178
96.7935
96.8694
96.9447
97.0204
97.0959
97.1716
97.2474
97.323
97.3984
97.474
97.5496
97.6254
97.7009
97.7767
97.8522
97.9277
98.0036
98.0793
98.1547
98.2305
98.306
98.3816
98.4574
98.5327
98.6087
98.6841
98.7597
98.8353
98.9111
98.9868
99.0624
99.1379
99.2133
99.2891
99.3648
99.4401
99.5161
99.5917
99.6673
99.7427
99.8185
99.8942
99.9696
100.046
100.121
100.197
100.272
100.348
100.424
100.499
100.575
100.65
100.726
100.802
100.877
100.953
101.029
101.104
101.18
101.256
101.331
101.407
101.482
105.405
105.625
108.391
111.071
111.359
113.466
114.54
115.614
116.688
117.761
118.835
119.909
120.982
122.056
123.13
124.204
125.277
126.351
127.425
128.499
129.572
130.646
131.72
132.793
133.867
134.941
136.015
137.088
138.162
139.236
140.309
141.383
142.457
143.53
144.604
145.678
146.752
147.826
148.899
149.973
151.046
152.12
153.194
154.267
155.342
156.415
157.489
158.563
159.636
160.71
161.784
162.858
163.932
165.005
166.079
167.152
168.226
169.3
170.373
171.447
172.521
173.594
174.668
175.742
176.816
177.89
178.963
180.037
181.11
182.184
183.257
184.331
185.405
186.479
187.552
188.626
189.7
190.774
191.848
192.921
193.995
195.069
196.143
197.216
198.29
199.363
200.437
201.512
202.585
203.659
204.732
205.806
206.879
207.953
209.027
210.101
211.174
212.248
213.322
214.396
215.469
216.543
217.617
218.69
219.764
220.839
221.911
222.985
224.058
225.133
226.207
227.28
228.354
229.427
230.5
231.575
232.649
233.722
234.796
235.87
236.944
238.018
235.366
236.301
234.769
233.322
234.189
233.296
233.403
233.511
233.618
233.725
233.833
233.941
234.048
234.155
234.262
234.369
234.478
234.585
234.692
234.799
234.907
235.014
235.121
235.228
235.336
235.443
235.551
235.658
235.765
235.874
235.98
236.087
236.196
236.302
236.41
236.518
236.625
236.732
236.839
236.947
237.055
237.161
237.269
237.376
237.483
237.591
237.699
237.806
237.913
238.021
238.128
238.235
238.343
238.451
238.558
238.664
238.772
238.88
238.987
239.095
239.201
239.309
239.416
239.524
239.631
239.738
239.846
239.953
240.061
240.168
240.275
240.383
240.489
240.597
240.705
240.812
240.919
241.027
241.135
241.241
241.349
241.456
241.563
241.671
241.779
241.886
241.994
242.101
242.209
242.316
242.423
242.53
242.637
242.745
242.852
242.96
243.067
243.174
243.282
243.389
243.496
243.604
243.711
243.819
243.926
244.034
244.14
244.248
244.355
244.463
244.57
244.677
244.785
244.893
245.0
245.107
245.214
245.322
245.429
245.537
245.644
245.751
245.859
245.966
246.073
246.181
246.288
246.396
246.503
246.611
246.718
246.825
246.933
247.04
247.148
247.255
247.362
247.47
247.577
247.684
247.791
247.899
248.006
248.114
248.221
248.329
248.436
248.544
248.651
238.141
237.851
230.534
223.456
222.976
217.476
214.829
212.182
209.535
206.888
204.241
201.594
198.947
196.3
193.653
191.006
188.36
185.712
183.066
180.419
177.772
175.125
172.478
169.832
167.184
164.537
161.89
159.243
156.596
153.95
151.303
148.656
146.009
143.362
140.715
138.068
135.421
132.774
130.127
127.48
124.834
122.187
119.54
116.893
114.246
111.599
108.952
106.305
103.658
101.011
98.3643
95.7178
93.0705
90.4237
87.7767
85.1298
82.483
79.836
77.1888
74.5419
71.895
69.2483
66.6015
63.9548
61.3076
58.6607
56.0138
53.3668
66.5645
64.5114
72.946
81.0238
79.2519
84.9737
86.4374
87.901
89.3647
90.8285
92.2918
93.7558
95.2195
96.6832
98.1469
99.6105
101.074
102.538
104.002
105.465
106.929
108.393
109.857
111.32
112.784
114.247
115.711
117.174
118.639
120.102
121.566
123.029
124.493
125.957
127.421
128.884
130.348
131.812
133.275
134.739
136.203
137.666
139.13
140.594
142.057
143.521
144.985
146.449
147.912
149.376
150.84
152.303
153.767
155.231
156.695
158.158
159.622
161.086
162.549
164.013
165.477
166.94
168.404
169.868
171.331
172.795
174.258
175.722
177.186
174.386
175.69
174.172
172.75
173.978
173.19
173.547
173.905
174.263
174.62
174.978
175.336
175.693
176.051
176.408
176.765
177.123
177.481
177.838
178.196
178.553
178.911
179.269
179.627
179.984
180.342
180.699
181.057
181.415
181.772
182.129
182.487
182.845
183.203
183.56
183.917
184.275
184.633
184.99
185.348
185.706
186.063
186.421
186.779
187.136
187.494
187.852
188.208
188.566
188.925
189.282
189.639
189.997
190.354
190.712
191.07
191.427
191.785
192.143
192.5
192.858
193.215
193.572
193.93
194.288
194.646
195.003
195.361
195.719
196.076
196.434
196.791
197.149
197.506
197.864
198.221
198.579
198.937
199.294
199.652
200.01
200.367
200.725
201.082
201.44
201.798
202.155
202.513
202.87
203.228
203.586
203.944
204.301
204.659
205.016
205.374
205.732
206.089
206.447
206.804
207.161
207.519
207.877
208.234
208.592
208.949
209.307
209.665
210.022
210.38
210.738
211.096
211.453
211.811
212.169
212.525
212.883
213.241
213.598
213.956
214.314
214.671
215.029
215.387
215.744
216.102
216.459
216.816
217.174
217.532
217.889
218.247
218.605
218.962
219.32
219.677
220.035
220.392
220.75
221.108
221.465
221.823
222.18
222.538
222.895
223.253
223.611
223.969
224.326
224.684
225.041
224.342
224.66
224.278
223.92
224.219
224.018
224.102
224.185
224.268
224.351
224.435
224.519
224.602
224.685
224.769
224.852
224.935
225.018
225.102
225.185
225.268
225.352
225.435
225.519
225.602
225.686
225.769
225.852
225.935
226.018
226.101
226.186
226.269
226.351
226.435
226.518
226.601
226.685
226.769
226.852
226.935
227.018
227.102
227.185
227.268
227.351
227.435
227.519
227.602
227.685
227.768
227.852
227.934
228.018
228.102
228.185
228.268
228.352
228.436
228.519
228.601
228.685
228.768
228.852
228.935
229.019
229.102
229.184
229.268
229.351
229.435
229.518
229.602
229.685
229.768
229.851
229.935
230.018
230.102
230.185
230.268
230.352
230.435
230.518
230.601
230.684
230.769
230.851
230.934
231.018
231.101
231.184
231.268
231.352
231.434
231.518
231.601
231.686
231.768
231.852
231.935
232.019
232.101
232.185
232.268
232.351
232.435
232.517
232.602
232.685
232.769
232.851
232.935
233.018
233.101
233.185
233.268
233.352
233.434
233.518
233.601
233.685
233.768
233.852
233.934
234.017
234.101
234.184
234.269
234.352
234.434
234.518
234.527
234.608
234.639
234.672
234.752
234.796
234.86
234.924
234.988
235.052
235.116
235.18
235.245
235.309
235.373
235.437
235.501
235.566
235.629
235.694
235.758
235.821
235.885
235.95
236.013
236.077
236.142
236.206
236.27
236.334
236.398
236.462
236.527
236.591
236.655
236.718
236.783
236.847
236.911
236.975
237.039
237.104
237.167
237.232
237.296
237.36
237.424
237.488
237.552
237.616
237.68
237.745
237.808
237.873
237.937
238.001
238.065
238.129
238.194
238.258
238.321
238.386
238.449
238.514
238.578
238.642
238.706
238.769
238.833
238.898
238.962
239.026
239.09
239.155
239.219
239.283
239.347
239.41
239.475
239.539
239.603
239.668
239.731
239.796
239.859
239.924
239.988
240.052
240.116
240.18
240.245
240.309
240.372
240.437
240.5
240.565
240.629
240.693
240.757
240.821
240.885
240.949
241.013
241.078
241.142
241.206
241.27
241.334
241.398
241.462
241.526
241.59
241.655
241.719
241.782
241.847
241.911
241.974
242.038
242.103
242.167
242.231
242.295
242.36
242.423
242.487
242.552
242.616
242.68
242.744
242.808
242.872
242.937
243.001
243.065
243.128
243.192
243.257
243.321
243.385
243.449
243.513
243.577
243.642
243.706
243.77
243.833
243.899
243.962
244.026
244.091
244.155
244.218
244.283
244.346
244.411
239.236
239.104
235.505
232.023
231.798
229.096
227.8
226.505
225.211
223.915
222.621
221.326
220.03
218.736
217.442
216.147
214.851
213.557
212.262
210.966
209.671
208.377
207.082
205.788
204.492
203.198
201.902
200.608
199.312
198.017
196.723
195.428
194.133
192.838
191.544
190.248
188.953
187.659
186.363
185.069
183.774
182.479
181.185
179.89
178.595
177.299
176.004
174.709
173.414
172.12
170.825
169.53
168.235
166.94
165.646
164.351
163.056
161.761
160.466
159.171
157.876
156.581
155.286
153.991
152.696
151.402
150.107
148.812
147.517
146.222
144.927
143.632
142.337
141.043
139.747
138.452
137.158
135.863
134.568
133.273
131.978
130.683
129.388
128.093
126.798
125.504
124.209
122.914
121.619
120.324
119.029
117.734
116.439
115.145
113.85
112.554
111.26
109.965
108.67
107.375
106.08
104.785
103.491
102.196
100.901
99.6057
98.3108
97.0161
95.7212
94.4264
93.1314
91.8364
90.5416
89.2467
87.9515
86.6569
85.362
84.067
82.7721
81.4772
80.1823
78.8876
77.5927
76.2977
75.0028
73.7081
72.4129
71.1182
69.8233
68.5286
67.2332
65.9386
64.6439
63.3489
62.0539
60.7591
59.4642
58.1693
56.8743
65.3685
64.4407
69.9919
75.3227
74.5685
78.4439
79.6887
80.9332
82.1779
83.4226
84.6674
85.912
87.1566
88.4013
89.6459
90.8906
92.1354
93.3801
94.6246
95.8696
97.1144
98.3585
99.6037
100.848
102.093
103.338
104.582
105.827
107.072
108.317
109.561
110.806
112.05
113.295
114.54
115.784
117.029
118.274
119.518
120.763
122.008
123.252
124.497
125.742
126.986
128.231
129.476
130.72
131.965
133.21
134.455
135.7
136.944
138.189
139.434
140.678
141.923
143.167
144.412
145.657
146.902
148.146
149.391
150.635
151.88
153.125
154.37
155.614
156.859
158.104
159.348
160.593
161.838
163.083
164.327
165.572
166.817
168.061
169.306
170.551
171.795
173.04
174.285
175.53
176.774
178.019
179.264
180.508
181.753
182.998
184.242
185.487
186.732
187.976
189.221
190.465
191.71
192.955
194.2
195.444
196.689
197.934
199.179
200.424
201.668
202.913
204.158
205.402
206.647
207.892
209.136
210.381
211.626
212.87
214.115
215.359
216.604
217.849
219.094
220.339
221.582
222.828
224.073
225.316
226.562
227.807
229.051
230.296
231.54
232.785
234.03
235.274
236.52
237.763
239.009
240.254
241.498
242.742
243.987
245.232
246.477
247.722
248.966
245.781
246.859
245.007
243.254
244.254
243.159
243.255
243.35
243.446
243.542
243.636
243.733
243.828
243.923
244.02
244.115
244.21
244.306
244.403
244.497
244.592
244.688
244.784
244.88
244.975
245.07
245.166
245.261
245.358
245.453
245.548
245.644
245.74
245.835
245.931
246.026
246.122
246.218
246.314
246.409
246.504
246.6
246.695
246.792
246.886
246.983
247.078
247.173
247.269
247.365
247.46
247.556
247.652
247.747
247.843
247.938
248.034
248.129
248.225
248.321
248.416
248.51
248.608
248.703
248.798
248.894
248.99
249.086
249.181
249.277
249.372
249.467
249.564
249.659
249.755
249.85
249.945
250.041
250.137
250.232
250.328
250.424
250.519
250.615
250.71
250.805
250.901
250.997
251.093
251.187
251.283
251.379
251.475
251.57
251.665
251.762
251.857
251.953
252.049
252.144
252.24
252.335
252.431
252.526
252.621
252.718
252.812
252.909
253.004
253.1
253.195
253.291
253.387
253.482
253.578
253.673
253.769
253.865
253.96
254.056
254.151
254.247
254.343
254.438
254.534
254.629
254.725
254.82
254.916
255.011
255.108
255.202
255.299
255.394
255.49
255.585
240.628
240.161
229.728
219.637
218.902
211.047
207.238
203.428
199.618
195.809
192.0
188.191
184.382
180.572
176.763
172.953
169.144
165.335
161.525
157.716
153.906
150.098
146.288
142.479
138.669
134.861
131.051
127.241
123.432
119.623
115.813
112.004
108.195
104.385
100.576
96.7672
92.9575
89.1484
85.339
81.5294
77.7201
73.9113
88.7371
85.6261
94.8504
103.655
100.875
106.908
107.934
108.959
109.985
111.01
112.035
113.061
114.086
115.111
116.137
117.162
118.187
119.213
120.238
121.263
122.289
123.314
124.34
125.365
126.39
127.416
128.441
129.466
130.492
131.517
132.542
133.568
134.593
135.619
136.644
137.669
138.695
139.721
140.746
141.771
142.796
143.822
144.847
145.872
146.898
147.923
148.948
149.974
150.999
152.024
153.05
154.075
155.1
156.126
157.151
158.177
159.202
160.228
161.253
162.278
163.303
164.329
165.354
166.38
167.405
168.43
169.456
170.481
171.506
172.532
173.558
174.583
175.608
176.633
177.659
178.684
179.709
180.735
181.76
182.785
183.811
184.836
185.862
186.886
187.912
188.938
189.963
190.989
192.014
193.04
194.065
195.09
196.115
197.141
198.166
199.192
200.217
201.242
202.267
203.293
204.319
205.344
206.369
207.395
208.42
209.445
210.471
211.495
212.522
213.547
214.572
215.598
216.623
217.648
218.674
219.699
220.725
221.75
221.061
222.022
221.848
221.714
222.643
222.764
223.344
223.925
224.505
225.086
225.667
226.248
226.828
227.408
227.989
228.57
229.15
229.73
230.311
230.892
231.473
232.053
232.634
233.215
233.796
234.376
234.956
235.537
236.118
236.699
237.279
237.86
238.44
239.021
239.602
240.183
240.763
241.344
241.924
242.504
243.085
243.666
244.246
244.827
245.407
245.988
246.569
247.15
247.731
248.311
248.892
249.472
250.052
250.633
251.213
251.794
252.375
252.956
253.537
254.117
254.697
255.278
255.859
256.439
257.02
257.601
258.182
258.762
259.343
259.923
260.504
261.085
261.665
262.246
262.826
263.407
263.987
264.568
265.149
265.729
266.309
266.89
267.471
268.052
268.633
269.213
269.793
270.374
270.954
271.536
272.115
272.696
273.277
273.858
274.439
275.02
275.6
276.18
276.761
277.342
277.923
278.503
279.083
279.664
280.244
280.825
281.407
281.987
282.567
283.147
283.728
284.31
284.89
285.471
286.05
286.631
287.212
287.794
288.373
288.954
289.534
290.115
290.696
291.276
262.141
261.608
241.405
221.873
220.813
205.698
198.569
191.441
184.312
177.183
170.054
162.926
155.798
148.669
141.54
134.411
127.283
120.154
113.026
105.897
98.7677
91.6393
84.5106
77.3821
70.2534
63.125
55.9962
48.8675
41.7387
34.6103
27.4816
54.1757
48.3145
64.841
80.6059
75.345
86.0806
87.7269
89.3724
91.0189
92.6647
94.3108
95.957
97.6031
99.2492
100.895
102.541
104.187
105.833
107.48
109.125
110.772
112.418
114.064
115.71
117.356
119.002
120.648
122.294
123.94
125.586
127.232
128.878
130.524
132.171
133.816
135.463
137.108
138.755
140.401
142.047
143.693
145.339
146.985
148.631
150.277
151.924
153.569
155.215
156.862
158.507
160.153
161.799
163.446
165.091
166.738
168.384
170.03
171.676
173.322
174.968
176.614
178.26
179.906
181.552
183.198
184.845
186.49
188.136
189.783
191.429
193.075
194.721
196.367
198.013
199.659
201.305
202.951
204.598
206.244
207.889
209.536
211.182
212.828
214.474
216.119
217.766
219.412
221.058
222.704
224.349
225.997
227.642
229.288
230.935
232.58
234.226
235.873
237.518
239.164
240.811
242.457
244.103
245.749
247.395
249.041
250.687
252.333
253.979
255.626
257.271
258.917
260.563
262.21
263.856
265.502
267.148
268.794
270.44
272.086
273.732
275.378
277.024
278.671
280.316
281.962
283.608
285.254
286.901
288.547
290.192
280.637
281.863
275.675
269.738
270.765
266.496
265.235
263.975
262.714
261.454
260.195
258.936
257.674
256.415
255.154
253.894
252.635
251.374
250.115
248.854
247.594
246.333
245.074
243.813
242.554
241.294
240.033
238.773
237.514
236.253
234.993
233.733
232.473
231.213
229.953
228.692
227.433
226.172
224.913
223.652
222.392
221.132
219.871
218.611
217.351
216.092
214.832
213.571
212.311
211.05
209.792
208.531
207.271
206.01
204.751
203.49
202.23
200.971
199.71
198.45
197.19
195.93
194.67
193.41
192.149
190.889
189.63
188.37
187.109
185.849
184.589
183.329
182.068
180.809
179.549
178.289
177.028
175.768
174.509
173.249
171.989
170.728
169.468
168.208
166.948
165.688
164.427
163.168
161.908
160.647
159.387
158.127
156.867
155.608
154.347
153.087
151.827
150.567
149.306
148.046
146.786
145.526
144.266
143.006
141.746
140.486
139.226
137.965
136.705
135.445
134.185
132.925
131.665
130.405
129.145
127.885
126.625
125.365
124.104
122.844
121.585
120.324
119.064
125.302
124.323
128.307
132.122
131.276
133.976
134.661
135.346
136.031
136.717
137.402
138.087
138.772
139.457
140.143
140.828
141.513
142.198
142.883
143.568
144.254
144.938
145.624
146.309
146.994
147.679
148.364
149.049
149.735
150.42
151.105
151.79
152.475
153.16
153.845
154.531
155.216
155.901
156.586
157.272
157.956
158.642
159.326
160.012
160.697
161.382
162.067
162.753
163.438
164.122
164.808
165.493
166.178
166.863
167.549
168.234
168.919
169.604
170.289
170.974
171.66
172.344
173.03
173.715
174.4
175.085
175.77
176.455
177.14
177.825
178.511
179.196
179.881
180.566
181.252
181.936
182.622
183.307
183.993
184.677
185.363
186.047
186.733
187.418
188.103
188.788
189.473
190.158
190.844
191.529
192.214
192.899
193.584
194.269
194.954
195.64
196.325
197.01
197.695
198.38
199.065
199.75
200.435
201.12
201.807
202.491
203.177
203.862
204.547
205.232
205.917
206.602
207.287
207.973
208.658
209.343
210.028
210.713
211.398
212.083
212.769
213.454
214.139
214.823
215.509
216.195
216.879
217.564
218.25
218.935
219.62
220.306
220.99
221.675
222.36
223.045
223.731
224.415
225.101
225.786
226.471
227.156
227.841
228.526
229.212
229.897
230.583
231.267
231.953
232.638
233.323
234.008
234.693
235.379
236.063
236.749
237.434
238.119
238.804
239.489
240.174
240.86
228.014
228.192
219.413
210.94
210.878
204.416
201.591
198.766
195.941
193.115
190.29
187.465
184.64
181.814
178.989
176.164
173.338
170.513
167.688
164.863
162.038
159.213
156.387
153.561
150.736
147.911
145.086
142.261
139.436
136.61
133.785
130.96
128.135
125.309
122.484
119.659
116.833
114.008
111.183
108.357
105.533
102.708
99.882
97.0568
94.2314
91.4065
88.5812
85.7559
82.9307
80.1054
77.2802
74.4548
71.6295
68.8046
65.979
63.1538
60.3285
57.5035
54.6781
51.8529
49.0277
46.2024
43.3772
55.6415
53.3818
61.1102
68.4984
66.5064
71.6512
72.7408
73.8302
74.9198
76.0093
77.0986
78.1883
79.2777
80.3672
81.4566
82.5461
83.6356
84.7252
85.8146
86.9041
87.9938
89.0831
90.1726
91.262
92.3515
93.4413
94.5307
95.6202
96.7095
97.7987
98.8886
99.978
101.068
102.157
103.247
104.336
105.426
106.515
107.604
108.694
109.784
110.873
111.962
113.052
114.142
115.231
116.32
117.41
118.499
119.589
120.679
121.768
122.857
123.947
125.036
126.126
127.215
128.305
129.394
130.484
131.573
132.663
133.752
134.842
135.931
137.021
138.11
136.577
137.568
136.823
136.137
137.082
136.787
137.195
137.605
138.014
138.423
138.832
139.241
139.65
140.059
140.468
140.877
141.286
141.695
142.104
142.514
142.923
143.331
143.74
144.15
144.559
144.968
145.377
145.786
146.195
146.604
147.013
147.422
147.832
148.24
148.65
149.059
149.468
149.876
150.286
150.695
151.104
151.513
151.922
152.331
152.74
153.149
153.558
153.967
154.377
154.786
155.195
155.604
156.012
156.422
156.831
157.24
157.649
158.058
158.467
158.876
159.285
159.694
160.103
160.512
160.922
161.33
161.74
162.149
162.558
162.967
163.376
163.785
164.194
164.603
165.012
165.421
165.831
166.24
166.648
167.057
167.467
167.876
168.285
168.693
169.102
169.512
169.921
170.33
170.739
171.148
171.557
171.966
172.375
172.785
173.194
173.603
174.012
174.421
174.83
175.239
175.648
176.057
176.466
176.875
177.284
177.694
178.103
178.511
178.921
179.33
179.739
180.148
180.557
180.966
181.375
181.784
182.193
182.602
183.011
183.42
183.829
184.239
184.647
185.057
185.466
185.875
186.284
186.693
187.102
187.511
187.92
188.329
188.739
189.148
189.557
189.966
190.374
190.784
191.193
191.602
192.011
192.42
192.829
193.238
193.647
194.056
194.465
194.875
195.284
195.693
196.102
196.51
196.92
197.328
188.061
188.107
181.749
175.609
175.483
170.783
168.68
166.579
164.477
162.376
160.275
158.173
156.072
153.971
151.869
149.768
147.667
145.565
143.464
141.363
139.261
137.16
135.059
132.957
130.856
128.754
126.653
124.552
122.45
120.349
118.248
116.147
114.045
111.944
109.843
107.741
105.64
103.539
101.437
99.3356
97.2347
95.1334
93.0318
90.9304
88.8292
86.7278
84.6267
82.5251
80.4241
78.3228
76.2214
74.1199
72.0186
69.9174
67.8161
65.7146
63.6134
61.5118
59.4106
57.3093
55.2081
53.1065
51.0056
48.904
46.8025
44.7013
42.5999
40.4987
38.3973
58.7389
57.4787
71.0739
84.1633
83.3016
93.0536
96.7751
100.496
104.217
107.938
111.659
115.381
119.102
122.823
126.544
130.265
133.986
137.707
141.428
145.149
148.87
152.591
156.313
160.034
163.755
167.476
171.197
174.918
178.639
182.36
186.082
189.802
193.524
197.245
200.966
204.687
208.408
212.129
215.851
219.572
223.293
227.013
230.735
234.456
238.177
241.898
245.619
249.341
253.061
256.782
260.504
264.224
267.946
271.667
275.388
279.109
282.83
286.551
290.273
293.994
297.715
269.449
271.971
253.319
235.39
237.344
224.17
219.593
215.015
210.438
205.861
201.283
196.706
192.127
187.55
182.973
178.395
173.817
169.24
164.662
160.085
155.508
150.93
146.352
141.775
137.197
132.62
128.042
123.465
118.887
114.309
109.732
105.154
100.577
95.9992
91.4221
86.8446
82.2667
77.6891
73.1121
68.5344
63.9569
59.3793
54.8017
50.2241
45.6468
58.7482
54.8333
62.6202
70.009
66.408
71.1681
71.1772
71.1862
71.1951
71.2042
71.2132
71.2222
71.2313
71.2403
71.2493
71.2583
71.2675
71.2761
71.2853
71.2943
71.3034
71.3124
71.3214
71.3302
71.3393
71.3485
71.3574
71.3664
71.3753
71.3844
71.3934
71.4024
71.4112
71.4204
71.4294
71.4384
71.4474
71.4563
71.4655
71.4746
71.4834
71.4922
71.5017
71.5104
71.5196
71.5285
71.5375
71.5463
71.5556
71.5644
71.5738
71.5824
71.5915
71.6004
71.6098
71.6184
71.6276
71.6366
71.6456
71.6547
71.6636
71.6726
71.6816
71.6907
71.6997
71.7085
71.7175
71.7266
71.7358
71.7447
71.7537
71.7629
71.7718
71.7806
71.7897
71.7988
71.8079
71.8168
71.8257
71.8348
71.8437
71.8528
71.8618
71.8708
71.8799
71.8888
71.8979
71.9069
71.9158
71.9248
71.9339
71.9429
71.9518
71.961
71.9698
71.979
71.9877
71.997
72.0059
72.0147
72.024
72.0329
72.0418
72.0509
72.06
72.0691
72.0779
72.0871
72.0958
72.105
72.1139
75.3098
75.4382
77.6762
79.8422
80.0273
81.7194
82.5553
83.391
84.2267
85.0625
85.8983
86.7341
87.5698
88.4055
89.2414
90.0769
90.9129
91.7486
92.5843
93.4203
94.256
95.0917
95.9276
96.7636
97.5992
98.4348
99.2703
100.106
100.942
101.778
102.614
103.449
104.285
105.121
105.957
106.793
107.628
108.464
109.3
110.136
110.971
111.807
112.643
113.479
114.315
115.15
115.986
116.822
117.658
118.493
119.329
120.165
121.001
121.836
122.673
123.508
124.344
125.18
126.015
126.851
127.687
128.522
129.358
130.194
131.03
131.866
132.702
133.537
134.373
135.209
136.045
136.881
137.716
138.552
139.388
140.224
141.06
141.895
142.731
143.567
144.403
145.239
146.074
146.91
147.746
148.581
149.417
150.253
151.089
151.925
152.761
153.596
154.432
155.268
156.103
156.939
157.775
158.611
159.447
160.282
161.118
161.954
162.789
163.625
164.461
165.297
166.133
166.968
167.804
168.64
169.475
170.311
171.148
171.983
172.819
173.655
174.49
175.326
176.162
176.998
177.834
178.669
179.505
180.341
181.177
182.013
182.848
183.684
184.52
185.355
186.191
187.027
187.864
188.699
168.104
168.137
153.985
140.315
139.967
129.485
124.761
120.036
115.313
110.589
105.866
101.141
96.4176
91.6936
86.9697
82.2457
77.5221
72.7982
68.0742
63.3502
58.6265
53.9024
49.1786
44.4548
39.7308
35.0072
30.2832
25.5593
20.8354
36.3419
32.3763
41.8015
50.7708
47.1642
53.1254
53.6502
54.1747
54.6991
55.2238
55.7482
56.2729
56.7974
57.3219
57.8464
58.3711
58.8956
59.4202
59.9448
60.4694
60.9939
61.5184
62.043
62.5677
63.0922
63.6167
64.1413
64.6656
65.1902
65.7149
66.2395
66.764
67.2887
67.8132
68.3376
68.8623
69.3869
69.9115
70.436
70.9606
71.485
72.0098
72.5341
73.0588
73.5833
74.1081
74.6325
75.1572
75.6816
76.2061
76.7307
77.2552
77.7801
78.3043
78.8289
79.3534
79.8782
80.4025
80.9273
81.4518
81.9762
82.5011
83.0254
83.55
84.0746
84.5992
85.1236
85.6484
86.1729
86.6974
87.2222
87.7466
88.2711
88.7956
89.3202
89.8447
90.3692
90.8939
91.4184
91.9432
92.4676
92.9922
93.5166
94.041
94.5659
95.0903
95.6149
96.1392
96.6642
97.1885
97.7131
98.2373
98.762
99.2868
99.8112
100.336
100.86
101.385
101.91
102.434
102.959
103.483
104.008
104.532
105.057
105.582
106.106
106.631
107.155
107.68
108.204
108.729
109.254
109.778
110.303
110.827
111.352
111.876
112.401
112.925
113.45
113.975
109.49
109.827
106.848
103.982
104.23
102.109
101.334
100.559
99.784
99.0091
98.234
97.4593
96.6841
95.9093
95.1344
94.3592
93.5847
92.8095
92.0346
91.2597
90.4847
89.7098
88.9349
88.1598
87.3849
86.6101
85.8352
85.0601
84.2849
83.5102
82.735
81.9601
81.1853
80.4104
79.6351
78.8604
78.0851
77.3105
76.5354
75.7604
74.9855
74.2106
73.4356
72.6607
71.8857
71.1107
70.3359
69.5609
68.7858
68.0108
67.2361
66.461
65.6862
64.9112
64.1362
63.3611
62.5862
61.8114
61.0364
60.2614
59.4863
58.7115
57.9365
57.1614
56.3866
55.6116
54.8367
54.0618
53.2869
52.5118
51.7368
50.9618
50.1869
49.412
48.637
47.862
47.0871
46.3122
45.5372
44.7622
46.9745
46.3115
47.6257
48.8726
48.2626
49.0652
49.0652
49.0652
49.0652
49.0652
49.0652
49.0652
49.0652
49.0652
49.0652
49.0652
49.0652
49.0652
49.0652
49.0652
49.0652
49.0652
49.0652
49.0652
49.0652
49.0652
49.0652
49.0652
49.0652
49.0652
49.0652
49.0652
49.0652
49.0652
49.0652
49.0652
49.0652
49.0652
49.0652
49.0652
49.0652
49.0652
49.0652
49.0652
49.0652
49.0652
49.0652
49.0652
49.0652
49.0652
49.0652
49.0652
49.0652
49.0652
49.0652
49.0652
49.0652
49.0652
49.0652
49.0652
49.0652
49.0652
49.0652
49.0652
49.0652
49.0652
49.0652
54.5396
54.7447
58.5735
62.2787
62.5811
65.4725
66.8928
68.3129
69.733
71.1533
72.5737
73.9938
75.4138
76.8343
78.2542
79.6746
81.0946
82.515
83.9352
85.3555
86.7756
88.1958
89.6162
91.0361
92.4566
93.8766
95.2967
96.7171
98.1374
99.5576
100.978
102.398
103.818
105.238
106.659
108.079
109.499
110.919
112.339
113.759
115.18
116.6
118.02
119.44
120.86
122.281
123.701
125.121
126.541
127.962
129.382
130.802
132.222
133.643
135.063
136.483
137.903
139.324
140.744
142.164
143.584
145.004
146.425
147.845
149.265
150.685
152.105
153.526
154.946
156.366
157.786
159.207
160.626
162.047
163.467
164.887
166.308
167.728
169.148
170.569
171.988
173.409
174.829
176.249
177.669
179.089
180.51
181.93
183.35
184.77
186.19
187.611
189.031
190.451
191.871
193.292
194.712
196.131
197.553
198.973
200.393
201.813
203.233
204.653
206.073
207.494
208.914
210.335
211.754
213.175
214.596
216.015
217.436
218.855
220.275
221.696
223.116
224.537
225.956
227.377
228.797
230.216
231.638
233.058
234.478
235.898
237.319
238.738
240.158
241.579
242.999
244.419
245.839
247.26
248.68
250.1
251.52
252.941
239.453
240.316
231.309
222.64
223.236
216.783
214.336
211.889
209.441
206.994
204.546
202.099
199.652
197.205
194.758
192.311
189.863
187.415
184.969
182.522
180.074
177.627
175.18
172.732
170.285
167.838
165.391
162.943
160.496
158.049
155.602
153.154
150.707
148.26
145.813
143.366
140.919
138.471
136.023
133.577
131.129
128.682
126.235
123.787
121.34
118.893
116.446
113.999
111.551
109.104
106.657
104.21
101.762
99.3152
96.868
94.4207
91.9738
89.5264
87.0792
84.6319
82.1846
79.7373
77.29
74.8428
72.3956
69.9486
67.5009
65.054
62.6068
60.1595
57.7123
55.265
52.818
50.3707
47.9235
45.4763
56.6955
54.7601
61.8712
68.6744
66.9821
71.7531
72.8514
73.9497
75.0479
76.1461
77.2444
78.3426
79.4411
80.5394
81.6379
82.7359
83.8342
84.9326
86.0309
87.1292
88.2275
89.3257
90.4241
91.5223
92.6206
93.719
94.8173
95.9157
97.0139
98.1123
99.2104
100.309
101.407
102.505
103.604
104.702
105.8
106.899
107.997
109.095
110.193
111.292
112.39
113.488
114.587
115.685
116.783
117.882
118.98
120.078
121.176
122.274
123.373
124.471
125.569
126.668
127.766
128.865
129.963
131.061
132.16
126.531
127.376
123.77
120.315
121.041
118.586
117.939
117.292
116.645
115.998
115.351
114.704
114.057
113.41
112.763
112.116
111.469
110.822
110.175
109.528
108.881
108.234
107.587
106.94
106.293
105.646
104.999
104.352
103.705
103.058
102.411
101.764
101.116
100.47
99.8225
99.1756
98.5285
97.8814
97.2343
96.5873
95.9404
95.2934
94.646
93.9992
93.3522
92.7052
92.0582
91.4111
90.7641
90.117
89.47
96.3277
95.9622
100.564
104.996
104.764
108.08
109.38
110.68
111.98
113.28
114.58
115.88
117.18
118.479
119.78
121.08
122.38
123.68
124.979
126.279
127.579
128.879
130.179
131.479
132.779
134.079
135.379
136.678
137.979
139.279
140.579
141.879
143.179
144.479
145.779
147.079
148.378
149.678
150.978
152.278
153.578
154.878
156.178
157.478
158.777
160.077
161.377
162.677
163.977
165.277
166.577
167.877
169.177
170.477
171.777
173.077
174.377
175.676
176.977
178.277
179.576
180.877
182.176
183.476
184.776
186.076
187.376
188.676
189.976
191.276
192.576
193.875
195.176
196.475
197.776
199.076
200.375
201.675
202.975
204.275
205.575
206.875
208.175
209.476
210.775
212.075
213.375
214.675
215.975
217.275
218.575
219.874
221.174
222.474
223.774
225.075
226.374
227.674
228.974
230.274
224.778
225.824
222.371
219.071
219.996
217.706
217.243
216.781
216.317
215.854
215.391
214.928
214.464
214.002
213.539
213.075
212.613
212.15
211.686
211.223
210.76
210.297
209.835
209.372
208.908
208.445
207.983
207.519
207.057
206.592
206.13
205.666
205.203
204.741
204.277
203.814
203.351
202.888
202.425
201.962
201.5
201.036
200.572
200.11
199.647
199.184
198.72
198.259
197.795
197.331
196.869
196.405
195.942
195.48
195.016
194.553
194.09
193.627
193.164
192.701
192.238
191.775
191.311
190.849
190.386
189.923
189.459
188.996
188.533
188.07
187.607
187.144
186.681
186.218
185.755
185.292
184.829
184.366
183.903
183.44
182.977
182.513
182.05
181.588
181.125
180.661
180.198
179.735
179.272
178.809
178.346
177.883
177.42
176.957
176.494
176.031
175.568
175.104
174.641
174.178
173.715
173.252
172.789
172.326
171.863
171.399
170.937
170.474
170.011
169.548
169.085
168.622
168.158
167.695
167.232
166.769
166.306
165.843
165.38
164.917
164.454
163.991
163.528
163.065
162.601
162.139
161.675
161.213
160.75
160.286
159.824
159.36
158.897
158.434
157.971
157.508
157.045
156.581
156.119
155.656
155.193
154.729
154.267
153.804
153.341
152.878
152.414
151.951
151.488
149.332
148.805
147.158
145.548
144.992
143.635
142.732
141.83
140.928
140.025
139.122
138.22
137.318
136.415
135.513
134.611
133.708
132.806
131.903
131.001
130.099
129.196
128.294
127.391
126.489
125.587
124.685
123.782
122.879
121.978
121.075
120.172
119.27
118.368
117.465
116.563
115.66
114.758
113.856
112.953
112.051
117.872
117.222
121.022
124.672
124.14
126.79
127.632
128.474
129.316
130.158
131.0
131.842
132.684
133.526
134.368
135.21
136.052
136.894
137.736
138.578
139.42
140.262
141.104
141.946
142.788
143.63
144.473
145.315
146.157
146.999
147.841
148.683
149.525
150.367
151.209
152.051
152.894
153.735
154.578
155.419
156.262
157.104
157.946
158.787
159.63
160.472
161.314
162.156
162.998
163.84
164.682
165.524
166.366
167.208
168.051
168.892
169.734
170.577
171.418
172.261
173.102
173.945
174.787
175.629
176.471
177.313
178.155
178.997
179.839
180.681
181.523
182.366
183.208
184.049
184.892
185.734
186.576
187.418
188.26
189.101
189.944
190.786
191.628
192.47
193.312
194.155
194.996
195.838
196.68
197.522
198.364
199.206
200.049
200.891
201.733
202.575
203.416
204.259
205.101
205.943
206.786
207.627
208.469
209.311
210.153
210.996
211.838
212.68
213.522
214.364
215.206
216.048
216.89
217.732
217.161
217.949
217.803
217.688
218.453
218.548
219.023
219.499
219.975
220.449
220.926
221.401
221.876
222.351
222.827
223.302
223.778
224.253
224.728
225.204
225.678
226.155
226.63
227.105
227.58
228.057
228.532
229.007
229.482
229.958
230.433
230.909
231.383
231.859
232.335
232.809
233.285
233.761
234.236
234.711
235.187
235.662
236.137
236.613
237.089
237.564
238.039
238.515
238.99
239.466
239.94
240.417
240.892
241.367
241.842
242.318
242.793
243.268
243.744
244.219
244.695
245.17
245.645
246.12
246.595
247.072
247.547
248.023
248.497
248.973
249.448
249.923
250.399
250.875
251.35
251.826
252.3
252.776
253.251
253.727
254.202
254.677
255.152
255.629
256.103
256.579
257.054
257.529
258.005
258.48
258.956
259.431
259.907
260.383
260.857
261.333
261.809
262.283
262.759
263.235
263.71
264.186
264.661
265.136
265.611
266.087
266.563
267.038
267.513
267.988
268.464
268.938
269.415
269.89
270.365
270.84
271.316
271.792
272.266
272.742
273.218
273.693
271.685
272.068
270.807
269.602
269.941
269.105
268.936
268.768
268.599
268.43
268.261
268.093
267.924
267.755
267.587
267.418
267.249
267.081
266.912
266.743
266.575
266.406
266.237
266.07
265.9
265.731
265.563
265.394
265.225
265.057
264.888
264.72
264.55
264.382
264.213
264.045
263.876
263.707
263.538
263.37
263.202
263.033
262.864
262.695
262.526
262.358
262.19
262.021
261.852
261.683
261.516
261.347
261.177
261.009
260.84
260.671
260.503
260.334
260.165
259.998
259.828
259.659
259.49
259.322
259.154
258.985
258.816
258.648
258.479
258.31
258.141
257.973
257.804
257.636
257.467
257.298
257.129
256.961
256.792
256.624
256.455
256.286
256.117
255.949
255.781
255.612
255.443
255.275
255.106
254.937
254.769
254.599
254.431
254.262
254.094
253.925
253.756
253.588
253.419
253.25
253.081
252.913
252.745
252.576
252.406
252.238
252.069
251.901
251.732
251.564
251.395
251.226
251.058
250.889
250.72
250.552
250.383
250.214
250.046
249.877
249.708
249.539
249.371
249.202
249.033
248.865
248.697
248.528
248.359
248.19
248.021
247.852
247.685
247.515
247.348
247.178
247.009
246.841
246.672
246.503
246.335
246.166
245.998
245.829
245.661
245.491
245.323
245.154
244.986
244.816
244.648
244.48
244.312
244.142
243.975
243.805
243.636
243.467
243.299
243.13
242.962
242.793
242.624
242.456
242.287
242.118
241.534
241.35
240.892
240.441
240.25
239.862
239.585
239.309
239.031
238.756
238.479
238.203
237.927
237.65
237.374
237.098
236.821
236.544
236.269
235.992
235.716
235.439
235.162
234.886
234.61
234.334
234.057
233.78
233.505
233.228
232.951
232.675
232.399
232.122
231.845
231.569
231.293
231.016
230.74
230.463
230.187
229.91
229.635
229.358
229.082
228.805
228.529
228.252
227.976
227.7
227.424
227.147
226.87
226.594
226.318
226.041
225.765
225.488
225.212
224.935
224.659
224.382
224.107
223.83
223.553
223.276
223.0
222.725
222.448
222.172
221.894
221.619
221.342
221.066
220.789
220.513
220.237
219.96
219.684
219.407
219.131
218.854
218.578
218.301
218.025
217.749
217.473
217.196
216.92
216.643
216.367
216.09
215.814
215.538
215.261
214.985
214.708
214.432
214.156
213.879
213.603
213.327
213.05
212.774
212.498
212.221
211.944
211.668
211.391
211.115
210.839
210.562
210.285
210.01
209.733
209.457
209.181
208.904
208.627
208.351
208.075
207.799
207.522
204.04
203.643
201.125
198.679
198.225
196.255
195.148
194.04
192.932
191.823
190.715
189.607
188.5
187.391
186.283
185.176
184.067
182.959
181.851
180.743
179.635
178.527
177.419
176.311
175.203
174.094
172.987
171.879
170.77
169.663
168.555
167.447
166.339
165.23
164.122
163.014
161.906
161.559
160.479
159.903
159.31
158.244
157.538
156.628
155.717
154.806
153.895
152.985
152.074
151.163
150.253
149.342
148.432
147.521
146.61
145.7
144.789
143.878
142.967
142.057
141.146
140.236
139.324
138.414
137.503
136.593
135.682
134.772
133.861
132.95
132.04
131.129
130.218
129.308
128.397
127.486
126.575
125.665
124.754
123.844
122.933
122.022
121.112
120.201
119.29
118.38
117.469
116.558
115.647
114.737
113.826
112.916
112.005
111.094
110.184
109.273
108.362
107.452
106.541
105.63
104.72
103.809
102.898
101.988
101.077
100.166
99.2556
98.3448
97.4341
96.5238
95.6132
94.7022
93.7917
92.881
91.9701
91.0595
90.149
89.2381
88.3278
87.417
86.5064
85.5956
84.6851
83.7743
82.8639
81.9529
81.0424
80.1317
79.221
78.3104
77.3998
76.489
75.5784
74.6676
73.7569
72.8463
71.9356
71.0252
70.1146
69.2036
68.293
67.3825
66.4716
65.5611
64.6505
63.7398
62.8292
61.9185
61.0078
69.5891
69.034
74.7618
80.2757
79.8895
83.992
85.5439
87.0956
88.6477
90.1994
91.7509
93.3028
94.8548
96.4065
97.9584
99.5103
101.063
102.614
104.166
105.718
107.27
108.821
110.373
111.925
113.477
115.028
116.58
118.132
119.684
121.236
122.787
124.339
125.891
127.443
128.995
130.547
132.099
133.65
135.202
136.754
138.306
139.858
141.41
142.961
144.513
146.065
147.617
149.169
150.721
152.273
153.824
155.376
156.928
158.48
160.032
161.583
163.135
164.687
166.239
167.791
169.343
170.894
172.445
173.998
175.55
177.101
178.653
180.205
181.757
183.309
184.861
186.413
187.965
189.517
191.068
192.62
194.171
195.724
197.276
198.827
200.379
201.931
203.483
205.034
206.586
208.138
209.69
211.242
212.793
214.346
215.897
217.449
219.001
220.553
222.105
223.657
225.209
226.76
228.312
229.864
231.416
232.967
234.519
236.071
237.623
239.175
240.727
242.278
243.83
245.382
246.934
248.486
250.038
251.59
253.142
254.693
256.245
257.797
259.349
260.9
262.452
264.004
265.556
267.108
268.66
270.212
271.764
273.315
274.867
276.419
277.971
279.522
281.075
282.626
284.178
285.73
287.282
288.833
290.385
291.937
293.489
295.041
296.592
298.145
299.697
301.249
302.8
304.352
305.904
307.455
309.007
310.559
312.112
313.662
315.215
316.766
318.318
319.87
321.422
322.973
324.526
326.077
327.629
329.181
330.734
332.284
333.837
335.389
336.94
338.491
340.043
341.595
343.147
344.699
346.25
347.803
349.355
350.907
352.459
354.011
355.564
357.114
358.665
337.709
338.418
324.226
310.543
310.852
300.516
296.227
291.941
287.653
283.364
279.077
274.79
270.502
266.214
261.927
257.64
253.351
249.064
244.777
240.489
236.2
231.913
227.625
223.338
219.05
214.763
210.475
206.187
201.9
197.612
193.325
189.036
184.749
180.461
176.174
171.886
167.599
163.31
159.023
154.736
150.448
146.16
141.873
137.585
133.297
129.009
124.722
120.434
116.146
111.859
107.571
103.284
98.9963
94.7083
90.4207
86.1332
81.8455
77.5576
73.27
68.9827
64.6949
60.407
56.1196
51.8319
47.5441
43.2566
60.0729
56.5763
67.0485
77.0454
73.9235
80.7822
81.9698
83.157
84.3447
85.5321
86.7193
87.9068
89.0943
90.2818
91.4691
92.6564
93.8441
95.0315
96.219
97.4064
98.5938
99.781
100.969
102.156
103.344
104.531
105.718
106.906
108.093
109.281
110.468
111.656
112.843
114.031
115.218
116.405
117.593
118.78
119.968
121.155
122.342
123.53
124.717
125.905
127.092
128.28
129.467
130.655
131.842
133.029
134.217
135.404
136.591
137.779
138.966
140.154
141.341
142.529
143.716
144.904
146.091
147.278
148.466
149.654
150.841
152.029
153.215
154.404
155.591
156.778
157.965
159.153
160.341
161.528
162.715
163.903
165.09
166.278
167.465
168.653
169.839
171.027
172.215
173.402
174.59
175.777
176.964
178.152
179.339
180.527
181.714
182.902
184.089
185.277
186.464
187.651
188.839
190.027
191.214
192.401
193.589
194.776
195.964
197.151
198.338
199.526
200.713
201.901
203.088
204.276
205.463
206.651
207.838
209.025
210.212
211.401
212.587
213.775
214.962
216.15
217.337
218.525
219.712
220.9
222.088
223.275
224.462
225.65
226.837
228.024
229.212
230.399
231.586
232.774
233.961
235.149
236.336
237.524
238.711
239.898
241.086
242.273
243.461
244.649
245.837
247.023
248.211
249.398
250.586
251.773
252.96
254.148
255.335
256.523
257.711
258.898
260.085
261.272
262.46
263.647
264.835
266.022
267.21
268.397
269.585
270.772
271.96
273.147
274.335
275.522
276.709
277.897
279.084
280.271
281.459
282.647
263.197
263.611
250.365
237.584
237.633
227.92
223.754
219.587
215.421
211.254
207.088
202.921
198.755
194.588
190.422
186.255
182.089
177.922
173.756
169.59
165.423
161.256
157.09
152.924
148.757
144.591
140.424
136.258
132.092
127.925
140.434
136.892
144.388
151.508
148.263
152.904
153.064
153.223
153.383
153.543
153.702
153.862
154.022
154.181
154.341
154.501
154.66
154.82
154.979
155.139
155.298
155.459
155.618
155.778
155.938
156.097
156.256
156.417
156.576
156.735
156.895
157.055
157.215
157.374
157.534
157.693
157.853
158.013
158.173
158.332
158.492
158.652
158.811
158.971
159.131
159.29
159.45
159.61
159.769
159.929
160.089
160.248
160.408
160.567
160.727
160.887
161.047
161.206
161.366
161.526
161.685
161.844
162.005
162.164
162.324
162.484
162.643
162.803
162.962
163.122
163.282
163.441
163.601
163.76
163.92
164.08
164.24
164.4
164.559
164.718
164.878
165.038
165.197
165.358
165.517
165.677
165.836
165.996
166.155
166.315
166.475
166.634
166.794
166.954
167.113
167.273
167.432
167.592
167.752
167.911
168.071
168.231
168.391
168.55
168.71
168.869
169.029
169.189
169.349
169.508
169.668
169.828
169.987
170.147
170.307
170.466
170.626
170.786
170.945
170.154
170.279
169.773
169.29
169.397
169.054
168.967
168.881
168.794
168.706
168.619
168.533
168.445
168.358
168.271
168.184
168.098
168.011
167.924
167.837
167.75
167.663
167.576
167.489
167.402
167.315
167.228
167.141
167.054
166.967
166.88
166.793
166.706
166.619
166.532
166.445
166.359
166.272
166.184
166.097
166.011
165.924
165.837
165.75
165.663
165.577
165.489
165.402
165.315
165.228
165.141
165.054
164.967
164.88
164.794
164.707
164.62
164.532
164.446
164.359
164.272
164.185
164.098
164.011
163.924
163.837
163.75
163.663
163.576
163.489
163.402
163.316
163.228
163.141
163.054
162.967
162.88
162.794
162.707
162.62
162.533
162.446
162.358
162.272
162.185
162.098
162.011
161.924
161.837
161.75
161.663
161.576
161.489
161.402
161.315
161.229
161.142
161.054
160.968
160.881
160.794
160.707
160.62
160.533
160.446
160.359
160.272
160.185
160.098
160.011
159.924
159.837
159.75
159.663
159.576
159.489
159.402
159.315
159.229
159.142
159.054
158.968
158.88
158.794
158.707
158.62
158.533
158.446
158.359
158.272
158.185
158.098
158.011
157.924
157.837
157.75
157.663
157.577
153.18
152.931
149.83
146.826
146.501
144.138
142.933
141.727
140.523
139.317
138.113
136.908
135.702
134.497
133.292
132.087
130.882
129.677
128.472
127.267
126.061
124.857
123.652
122.447
121.242
120.036
118.832
117.627
116.421
115.216
114.011
112.806
111.601
110.396
109.191
107.986
106.781
105.575
104.371
101.517
100.251
97.8934
95.5728
94.2766
92.2015
90.569
88.9363
87.3036
85.6712
84.0384
82.4063
80.7735
79.1409
77.5082
75.8758
74.2433
72.6106
70.9782
69.3457
67.7131
66.0807
64.4481
62.8151
61.1827
59.55
57.9176
56.2851
54.6524
53.02
51.3873
49.7548
48.1222
46.4897
44.8572
43.2244
41.592
39.9593
38.3269
36.6944
35.0618
33.4292
31.7966
30.1642
28.5315
26.899
25.2664
23.6338
22.0014
42.7413
41.9472
55.962
69.4727
69.0758
79.2597
83.4313
87.6031
91.7747
95.9462
100.118
104.289
108.461
112.633
116.804
120.976
125.148
129.319
133.491
137.662
141.834
146.006
150.178
154.349
158.521
162.692
166.864
171.036
175.208
179.38
183.551
187.723
191.894
196.066
200.237
204.409
208.581
212.753
216.925
221.096
225.267
229.439
233.61
237.782
241.954
246.126
250.297
254.469
258.64
262.812
266.983
271.156
275.327
279.499
283.67
287.842
292.014
296.185
300.357
304.529
308.7
312.872
317.044
321.215
298.473
301.638
286.985
272.94
275.625
265.582
262.77
259.96
257.15
254.339
251.528
248.718
245.906
243.096
240.285
237.475
234.665
231.853
229.042
226.232
223.421
220.611
217.8
214.989
212.179
209.369
206.558
203.748
200.936
198.125
195.315
192.504
189.693
186.883
184.072
