212.128
212.739
213.351
213.963
214.576
215.187
215.799
216.412
217.024
217.635
218.248
218.86
219.472
220.083
220.696
221.308
221.919
222.532
223.144
223.756
224.368
224.98
225.593
226.204
226.816
227.428
228.04
228.652
229.264
229.877
230.488
231.1
231.713
232.324
232.937
233.548
234.161
234.773
235.384
235.997
236.609
237.221
237.833
238.445
239.057
239.669
240.281
240.893
241.505
242.118
242.729
243.341
243.954
244.566
245.178
245.79
246.401
247.014
247.626
248.238
248.85
249.462
250.074
250.686
251.298
251.91
252.522
253.134
253.746
254.358
254.97
255.582
256.194
256.807
257.418
258.03
258.643
259.254
259.866
260.478
261.091
261.702
262.315
262.927
263.539
264.151
264.762
265.375
265.986
266.598
267.211
267.823
268.435
269.046
269.659
270.271
270.883
271.496
272.107
272.719
273.331
273.943
274.555
275.167
275.779
276.392
277.003
277.615
278.228
278.84
279.452
275.281
275.714
272.982
270.358
270.705
268.792
268.162
267.534
266.906
266.277
265.649
265.021
264.392
263.763
263.135
262.507
261.877
261.249
260.621
259.992
259.363
258.736
258.106
257.478
256.85
256.221
255.593
254.964
254.335
253.707
253.079
252.449
251.822
251.193
250.564
249.936
249.307
248.678
248.05
247.421
246.793
246.164
245.536
244.907
244.279
243.65
243.021
242.394
241.764
241.136
240.507
239.88
239.25
238.622
237.993
237.365
236.736
236.108
235.479
234.851
234.222
233.593
232.965
232.336
231.708
231.08
230.451
229.822
229.194
228.565
227.937
227.308
226.679
226.051
225.423
224.794
224.165
223.537
222.909
222.28
221.652
221.022
220.395
219.766
219.137
218.508
217.88
217.251
216.623
215.995
215.366
214.737
214.109
213.481
212.852
212.223
211.594
210.967
210.338
209.709
209.081
208.452
207.824
207.195
206.567
205.939
205.309
204.682
204.053
203.424
202.795
202.167
201.538
200.91
200.282
199.653
199.023
198.396
197.767
197.138
196.51
195.881
195.253
194.624
193.995
193.367
192.738
192.11
191.482
190.853
190.225
189.596
188.967
188.339
187.71
187.082
186.454
185.825
185.196
184.568
186.545
186.015
187.209
188.344
187.86
188.608
188.655
188.703
188.751
188.798
188.846
188.894
188.941
188.989
189.036
189.084
189.132
189.18
189.227
189.275
189.323
189.369
189.418
189.465
189.513
189.56
189.608
189.656
189.703
189.75
189.798
189.846
189.894
189.941
189.988
190.037
190.084
190.131
190.179
190.227
190.275
190.322
184.501
184.33
180.273
176.349
176.073
173.021
171.547
170.072
168.597
167.122
165.648
164.173
162.699
161.224
159.749
158.274
156.8
155.326
153.85
152.376
150.901
149.426
147.952
146.477
145.002
143.528
142.053
140.579
139.104
137.629
136.154
134.68
133.205
131.731
130.256
128.781
127.306
125.832
124.357
122.883
121.408
119.933
118.458
116.984
115.509
114.035
112.56
111.086
109.611
108.136
106.662
105.186
103.712
102.237
100.763
99.2877
97.8129
96.3384
94.8638
93.3893
91.9143
90.4399
88.9652
87.4904
86.016
84.541
83.0669
81.5918
80.117
78.6425
77.1679
75.6932
74.2184
72.7438
71.2691
69.7945
68.32
66.845
65.3704
63.896
62.4211
60.9465
59.4719
57.9973
56.5225
55.0479
53.5733
52.0986
50.624
49.1492
47.6746
46.2
44.7252
43.2504
41.776
40.3013
38.8265
37.3518
1115.1
81.0861
794.198
772.777
104.651
613.923
325.719
325.863
326.007
326.152
326.297
326.441
326.586
326.73
326.875
327.018
327.163
327.308
327.451
327.596
327.742
327.886
328.03
328.175
328.319
328.464
328.607
328.753
328.896
329.041
329.185
329.33
329.474
329.619
329.763
329.907
330.051
330.196
330.34
330.486
330.629
330.774
330.918
331.064
331.208
331.352
331.497
331.641
331.786
331.931
332.074
332.219
332.363
332.507
332.652
332.797
332.941
333.085
333.23
333.374
333.518
333.663
333.808
333.952
334.096
334.241
334.384
334.53
334.674
334.818
334.963
335.108
335.253
335.396
335.541
335.686
335.829
335.974
336.117
336.263
336.407
336.552
336.695
336.841
336.985
337.131
337.274
337.419
337.563
337.707
337.852
338.02
338.165
338.327
338.489
338.633
338.79
338.942
339.091
339.242
339.393
339.543
339.694
339.845
339.995
340.146
340.298
340.447
340.599
340.749
340.899
341.05
341.202
341.352
341.502
341.655
341.803
341.953
342.105
342.256
342.408
342.558
342.708
342.859
343.01
343.161
343.31
343.461
343.611
343.763
343.913
344.064
344.216
344.366
344.517
344.666
344.817
344.968
345.119
345.27
345.421
345.571
345.723
345.873
346.023
346.174
346.324
346.474
346.626
346.776
346.928
347.078
347.229
347.38
347.53
347.68
347.831
347.982
348.132
348.283
348.434
348.585
348.736
348.886
345.86
345.891
343.82
341.82
341.795
340.268
339.594
338.921
338.246
337.573
336.9
336.227
335.552
334.879
334.206
333.532
332.859
332.185
331.511
330.838
330.164
329.489
328.817
328.143
327.47
326.796
326.122
325.449
324.775
324.102
323.428
322.754
322.081
321.407
320.734
320.06
319.386
318.713
318.04
317.366
316.693
316.019
315.346
314.672
313.999
313.325
312.65
311.977
311.303
310.63
309.957
309.282
308.61
307.936
307.263
306.589
305.914
305.241
304.568
303.895
303.221
302.548
301.875
301.2
300.527
299.853
299.179
298.506
297.833
297.16
296.485
295.812
295.138
294.465
293.793
293.118
292.443
291.77
291.097
290.423
289.749
289.076
288.404
287.729
287.055
286.382
285.708
285.034
284.36
283.687
283.014
282.341
281.668
280.993
280.319
279.646
278.973
278.299
277.625
276.952
276.278
275.605
274.93
274.258
273.583
272.91
272.236
271.563
270.89
270.215
269.542
268.869
268.195
267.521
266.848
266.174
265.501
264.827
264.154
263.48
262.807
262.133
261.459
260.786
260.112
259.439
258.765
258.091
257.418
256.745
256.071
255.396
254.724
254.05
253.376
252.703
252.03
251.356
250.683
250.008
249.335
248.661
247.988
247.315
244.03
243.259
240.76
238.32
237.502
235.449
234.098
232.747
231.396
230.046
228.695
227.344
225.994
224.642
223.292
221.941
220.59
219.239
217.888
216.537
215.187
213.836
212.486
211.135
209.783
208.433
207.082
205.731
204.38
203.03
201.679
200.329
198.977
197.626
196.276
194.925
193.575
192.224
190.872
189.521
188.171
186.82
185.468
184.118
182.767
181.417
180.066
178.715
177.365
176.013
174.662
173.312
171.961
170.61
169.26
167.909
166.558
179.542
178.729
187.404
195.756
195.198
201.418
203.786
206.155
208.524
210.892
213.26
215.629
217.996
220.365
222.733
225.101
227.47
229.838
232.206
234.574
236.942
239.312
241.679
244.048
246.416
248.784
251.152
253.521
255.889
258.257
260.626
262.994
265.362
267.731
270.099
272.468
274.836
277.204
279.572
281.941
284.308
286.677
289.046
291.414
293.783
296.151
298.519
300.887
303.255
305.624
307.992
310.36
312.729
315.097
317.465
319.833
322.201
324.569
326.938
329.306
331.675
334.043
336.411
338.779
341.147
343.516
345.885
348.252
350.621
352.988
355.357
357.726
360.095
362.462
364.83
367.199
369.567
371.936
374.304
376.673
379.04
381.408
383.777
386.144
388.514
390.882
393.25
395.618
397.987
400.356
402.724
405.092
407.459
409.828
412.196
414.564
416.933
419.301
421.67
424.036
426.407
428.775
431.143
433.511
435.879
438.248
440.616
442.984
445.353
447.721
450.09
452.456
454.826
457.195
441.494
443.186
432.918
423.056
424.428
417.252
414.933
412.616
410.296
407.978
405.658
403.338
401.02
398.702
396.382
394.063
391.743
389.424
387.105
384.788
382.469
380.148
377.831
375.511
373.191
370.874
368.554
366.235
363.915
361.598
359.278
356.957
354.639
352.32
350.003
347.682
345.364
343.044
340.725
338.407
336.088
333.769
331.449
329.13
326.812
324.492
322.173
319.854
317.535
315.216
312.897
310.578
308.259
305.94
303.621
301.302
298.982
296.664
294.345
292.027
289.706
287.388
285.068
282.749
280.431
278.112
275.793
273.474
271.155
268.835
266.516
264.198
261.878
259.56
257.241
254.921
252.603
250.284
247.964
245.645
243.327
241.007
238.688
236.37
234.05
231.731
229.412
227.094
224.774
222.455
220.136
217.817
215.498
213.179
206.725
204.25
199.039
193.92
191.373
186.869
183.478
180.085
176.693
173.301
169.909
166.518
163.126
159.734
156.342
152.95
149.558
146.166
142.774
139.382
135.99
132.598
129.206
125.814
122.422
119.03
115.638
112.246
108.854
105.462
102.07
98.678
95.2861
91.894
88.5019
85.1102
81.7178
78.3265
74.9343
71.5423
68.1507
64.7584
61.3664
57.9747
54.5826
51.1906
47.7987
44.4066
41.0146
37.6227
34.2307
57.0871
54.6787
69.6447
84.0193
82.0771
92.5487
95.9665
99.3842
102.802
106.22
109.637
113.055
116.473
119.891
123.308
126.726
130.144
133.561
136.979
140.397
143.815
147.232
150.65
154.068
157.485
160.903
164.321
167.739
171.157
174.574
177.992
181.409
184.827
188.245
191.663
195.08
198.498
201.916
205.334
208.751
212.169
215.587
219.004
222.422
225.84
229.257
232.676
236.093
239.511
242.929
246.347
249.765
253.182
256.6
260.018
263.435
266.853
270.271
273.689
277.106
280.524
283.941
287.359
290.778
294.195
297.613
301.03
286.065
288.794
279.356
270.33
272.733
266.441
265.091
263.74
262.388
261.037
259.686
258.335
256.983
255.632
254.28
252.929
251.578
250.227
248.875
247.523
246.172
244.821
243.47
242.119
240.768
239.417
238.065
236.714
235.362
234.011
232.66
231.309
229.957
228.606
227.255
225.904
224.552
230.866
229.8
233.81
237.645
236.718
239.415
240.052
240.689
241.326
241.963
242.599
243.237
243.874
244.511
245.147
245.784
246.421
247.059
247.696
248.333
248.97
249.607
250.244
250.88
251.518
252.154
252.792
253.429
254.065
254.703
255.34
255.976
256.614
257.25
257.887
258.525
259.161
259.798
260.436
261.072
261.71
262.347
262.983
263.621
264.257
264.896
265.532
266.168
266.806
267.442
268.079
268.717
269.353
269.991
270.628
271.265
271.902
272.538
273.176
273.813
274.449
275.087
275.724
276.361
276.998
277.635
278.272
278.908
279.546
280.183
280.82
281.457
282.094
282.731
283.368
284.005
284.641
285.278
285.916
286.553
287.19
287.827
288.463
289.101
289.738
290.374
291.012
291.649
292.286
292.923
293.559
294.197
294.834
295.471
296.109
296.744
297.382
298.019
298.656
299.293
299.93
300.567
301.204
301.841
302.478
303.115
303.752
304.389
305.026
305.663
306.299
306.937
307.574
308.211
308.848
309.485
310.121
310.759
311.395
312.033
312.67
313.307
313.945
314.581
315.217
315.855
316.492
317.129
317.765
318.403
319.04
319.677
320.314
320.951
321.588
314.629
314.983
310.308
305.805
306.022
302.648
301.315
299.982
298.648
297.315
295.982
294.648
293.315
291.982
290.649
289.316
287.982
286.65
285.316
283.983
282.649
281.317
279.983
278.65
277.316
275.983
274.649
273.315
271.984
270.65
269.317
267.983
266.651
265.317
263.983
262.65
261.316
259.984
258.65
257.318
255.984
254.651
253.317
251.984
250.65
249.317
247.984
246.651
245.318
243.985
242.652
241.319
239.985
238.652
237.319
235.985
234.651
233.318
231.985
230.653
229.318
227.985
226.652
225.319
223.986
222.653
221.319
219.986
218.652
208.375
206.707
199.118
191.731
189.904
183.846
180.193
176.54
172.885
169.232
165.579
161.924
158.271
154.617
150.964
147.31
143.656
140.002
136.349
132.696
129.042
125.388
121.734
118.081
114.427
110.774
107.12
103.466
99.8128
96.1588
92.5054
88.8516
85.1976
81.544
77.8905
74.237
70.5835
66.9296
63.2761
59.6224
55.9687
52.3151
48.6615
45.0079
41.3543
37.7004
34.0469
30.3933
26.7396
23.0859
19.4324
15.7786
26.5294
23.4156
29.8362
35.9324
33.0744
37.0287
37.112
37.1955
37.2786
37.3619
37.4453
37.5287
37.612
37.6952
37.7786
37.8621
37.9453
38.0287
38.1119
38.1954
38.2785
38.362
38.4453
38.5287
38.612
38.6953
38.7785
38.8619
38.9453
39.0287
39.1119
39.1953
39.2786
39.362
39.4453
39.5286
39.6118
39.6952
39.7785
39.8619
39.9451
40.0286
40.1118
40.1952
40.2785
40.3619
40.4452
40.5285
40.6118
40.6951
40.7784
40.8619
40.9451
41.0285
41.1119
41.1951
41.2785
41.3618
41.4451
41.5284
41.6118
41.6951
41.7784
41.8617
41.9452
42.0284
42.1118
42.1951
42.2783
42.3618
42.445
42.5284
42.6117
42.6951
42.7784
42.8619
42.9451
43.0283
43.1117
43.1951
43.2784
43.3618
43.445
43.5282
43.6116
43.695
43.7783
43.8616
43.945
44.0283
44.1117
44.195
44.2782
44.3616
44.445
44.5282
44.6118
44.695
44.7783
44.8617
44.9448
45.0281
45.1116
45.1949
45.2783
45.3615
45.445
45.5283
45.6115
45.6949
45.7781
45.8615
45.945
46.0282
46.1116
46.195
46.2781
46.3616
46.4448
46.5282
46.6115
46.6949
46.7781
46.8614
46.9448
47.0281
47.1113
47.1949
47.278
47.3615
47.4449
47.5281
47.6114
47.6948
47.7781
47.8614
47.9448
48.0279
48.1114
48.1947
48.2781
48.3614
48.445
48.528
48.6114
48.6948
48.778
48.8613
48.9446
49.0279
49.1113
49.1946
49.278
49.3614
49.4447
49.5279
49.6114
49.6946
49.778
49.8614
49.9447
50.0279
50.1113
50.1947
50.278
50.3612
50.4444
50.528
60.1011
60.5401
67.2605
73.7673
74.3748
79.4703
82.0157
84.5607
87.1062
89.6517
92.1969
94.7421
97.2875
99.8327
102.378
104.923
107.469
110.014
112.559
115.105
117.65
120.196
122.74
125.286
127.832
130.376
132.922
135.467
138.013
140.558
143.103
145.649
148.194
150.739
153.284
155.83
158.375
160.92
163.466
166.011
168.556
171.101
173.647
176.192
178.737
181.283
183.828
186.373
188.919
191.464
194.009
196.555
199.1
201.646
204.191
206.736
209.282
211.826
214.372
216.918
219.463
222.009
224.554
227.099
229.643
232.19
221.636
223.69
217.075
210.754
212.576
208.203
207.35
206.498
205.644
204.791
203.938
203.085
202.233
201.38
200.527
199.674
198.821
197.968
197.115
196.263
195.41
194.557
193.703
192.851
191.998
191.145
190.292
189.439
188.587
187.733
186.88
186.028
185.175
184.322
183.469
182.616
181.763
180.91
180.057
179.205
178.352
177.498
176.645
175.793
174.94
174.087
173.234
172.381
171.529
170.676
169.823
168.969
168.117
167.263
166.411
165.558
164.705
163.852
162.999
162.147
161.293
160.441
159.588
158.735
157.882
157.029
156.177
155.323
156.145
155.355
155.673
155.952
155.192
155.223
154.805
154.386
153.968
153.549
153.131
152.712
152.293
151.875
151.456
151.038
150.619
150.2
149.782
149.364
148.945
148.527
148.107
147.689
147.27
146.851
146.434
146.015
145.596
145.178
144.759
144.341
143.921
143.503
143.084
142.666
142.247
141.829
141.41
140.991
140.573
140.154
139.736
144.213
143.978
146.983
149.878
149.729
151.896
152.748
153.599
154.451
155.302
156.154
157.005
157.856
158.708
159.56
160.41
161.262
162.114
162.965
163.817
164.668
165.519
166.371
167.222
168.074
168.925
169.777
170.628
171.48
172.331
173.182
174.034
174.886
175.737
176.588
177.44
178.291
179.142
179.994
180.845
181.697
182.548
183.4
184.251
185.103
185.954
186.805
187.657
188.508
189.36
190.211
191.063
191.914
192.765
193.617
194.468
195.32
196.172
197.023
197.874
198.726
199.577
200.428
201.28
202.131
202.983
203.834
204.685
205.538
206.389
207.24
208.092
208.944
209.794
210.646
211.498
212.348
213.2
214.052
214.903
215.754
216.606
217.457
218.309
219.161
220.011
220.863
221.715
222.566
223.418
224.268
225.121
225.972
226.824
227.674
228.526
229.378
230.229
231.08
231.932
232.783
223.245
223.707
217.292
211.11
211.388
206.752
204.908
203.064
201.22
199.376
197.531
195.688
193.843
192.0
190.155
188.311
186.467
184.623
182.779
180.935
179.09
177.247
175.403
173.559
171.715
169.871
168.027
166.182
164.338
162.494
160.65
158.807
156.962
155.118
153.274
151.43
149.586
147.742
145.898
144.054
142.21
140.366
138.521
136.678
134.834
132.989
131.146
129.301
127.457
125.613
123.769
121.925
120.082
118.237
116.393
114.549
112.705
110.861
109.017
107.173
105.329
103.485
101.641
99.7964
97.9526
96.1086
94.2643
92.4204
90.5763
88.7321
86.8881
85.0444
83.2001
81.3559
79.5119
77.668
75.8237
90.5809
89.3587
99.126
108.518
107.591
114.515
116.978
119.441
121.904
124.367
126.829
129.292
131.755
134.218
136.681
139.144
141.606
144.069
146.532
148.995
151.458
153.92
156.383
158.846
161.309
163.772
166.235
168.698
171.16
173.623
176.086
178.549
181.012
183.474
185.937
188.4
190.863
193.326
195.789
198.251
200.714
203.177
205.64
208.103
210.565
213.028
215.491
217.954
220.417
222.88
225.343
227.806
230.268
232.732
235.194
237.657
240.12
242.582
245.046
247.508
249.972
252.434
254.897
257.36
259.823
262.285
264.748
267.211
269.673
272.137
274.599
277.062
279.525
281.988
284.451
286.914
289.376
291.839
294.302
296.765
299.228
301.69
304.154
306.617
309.079
311.542
314.005
316.468
318.93
321.394
323.856
326.318
328.781
331.245
333.707
336.17
338.632
341.096
343.558
346.022
348.484
350.947
353.41
355.872
358.336
360.798
363.261
365.723
348.278
349.994
338.532
327.52
328.881
320.83
318.128
315.426
312.722
310.021
307.318
304.616
301.913
299.211
296.509
293.806
291.104
288.402
285.699
282.997
280.296
277.594
274.89
272.188
269.486
266.783
264.081
261.379
258.676
255.973
253.271
250.57
247.866
245.164
242.462
239.76
237.058
234.355
231.653
228.95
226.249
223.546
220.843
218.141
215.439
212.737
210.034
207.332
204.63
201.927
199.224
196.522
193.82
191.118
188.415
185.713
183.011
180.308
177.606
174.904
172.202
169.499
166.797
164.095
161.392
158.69
155.987
153.286
150.583
147.881
145.178
142.476
139.773
137.071
134.369
131.666
128.964
126.262
123.559
120.857
118.155
115.452
112.75
110.048
107.345
104.643
101.94
99.2384
96.5364
93.834
91.1315
88.4288
85.7267
83.0245
80.3224
77.6195
74.9176
72.2153
69.5125
66.8109
64.1082
61.4058
58.7036
56.0011
53.2989
50.5964
47.8943
45.1918
42.4897
39.7871
37.0849
34.3824
31.6802
28.9779
26.2756
23.5732
20.8709
18.1686
15.4662
12.7639
10.0616
18.0165
15.7134
20.4646
24.9759
22.8621
25.7886
25.8511
25.9135
25.9761
26.0386
26.1011
26.1636
26.226
26.2886
26.3511
26.4136
26.4761
26.5385
26.6011
26.6635
26.7261
26.7885
26.851
26.9135
26.976
27.0385
27.101
27.1635
27.226
27.2885
27.351
27.4135
27.476
27.5385
27.601
27.6635
27.7259
27.7885
27.851
27.9134
27.976
28.0385
28.101
28.1635
28.226
28.2884
28.351
28.4134
28.476
28.5384
28.601
28.6634
28.7259
28.7884
28.8508
28.9135
28.9759
29.0384
29.1009
29.1635
29.2258
29.2884
29.3509
29.4133
29.4759
29.5384
29.6008
29.6634
29.7259
29.7884
29.8509
29.9134
29.9758
30.0383
30.1009
30.1634
30.2259
30.2884
30.3508
30.4133
29.4641
29.4887
28.8435
28.2213
28.2279
27.7559
27.556
27.356
27.156
26.956
26.756
26.556
26.356
26.156
25.956
25.756
25.556
25.356
25.1561
24.956
24.756
24.5561
24.3561
24.1562
1515.59
36.1621
1021.67
957.45
0.565667
703.411
279.384
267.902
256.418
244.934
233.451
221.968
210.484
199.001
187.518
176.035
164.552
153.068
141.585
130.102
118.618
107.135
95.6519
84.169
72.6851
61.2024
49.7188
38.2357
26.7521
15.2693
3.7859
-7.69723
48.112
39.1505
74.7313
108.796
101.029
125.088
131.063
137.037
143.012
148.987
154.961
160.936
166.911
172.885
178.86
184.834
190.81
196.784
202.759
208.734
214.708
220.682
226.658
232.632
238.607
244.582
250.556
256.531
262.505
268.48
274.455
280.43
286.404
292.379
298.353
304.328
310.303
316.278
322.253
328.226
308.815
313.838
302.057
290.849
295.421
287.987
287.376
286.764
286.152
285.541
284.93
284.318
283.706
283.095
282.484
281.872
281.261
280.649
280.037
279.425
278.815
278.202
277.591
276.98
276.368
275.757
275.145
274.533
273.922
273.31
272.697
272.087
271.475
270.864
270.253
269.64
269.03
268.419
267.806
267.195
266.583
265.971
265.361
264.749
264.138
263.526
262.915
262.303
261.691
261.08
260.469
259.857
259.245
258.634
258.022
257.41
256.799
256.187
255.576
254.964
254.352
253.741
253.13
252.519
251.907
251.295
250.684
250.072
249.46
248.849
248.237
247.626
247.015
246.402
245.791
245.179
244.568
243.956
243.345
242.733
242.122
241.51
240.899
240.288
239.676
239.065
238.453
237.841
237.23
236.618
236.006
235.395
234.783
234.172
233.561
232.948
232.337
231.726
231.115
230.503
229.891
229.28
228.668
228.056
227.445
226.833
226.221
225.61
224.999
224.387
223.776
223.164
222.553
221.941
221.329
220.718
220.107
219.495
218.883
218.271
217.66
215.712
215.05
213.504
211.988
211.303
209.985
209.027
208.069
207.11
206.152
205.194
204.236
203.277
202.319
201.361
200.403
199.444
198.486
197.527
196.569
195.611
194.653
193.694
192.736
191.778
190.819
189.861
188.903
187.945
186.986
186.028
185.07
184.112
183.153
182.194
181.237
180.279
179.32
178.362
177.404
176.445
175.487
174.529
173.571
172.612
171.654
170.696
169.737
168.779
167.821
166.863
165.904
164.946
163.988
163.029
162.071
161.113
160.154
159.196
158.238
157.28
156.321
155.363
154.405
153.447
152.489
151.53
150.572
149.614
148.655
147.697
146.739
158.207
157.714
165.447
172.899
172.627
178.232
180.498
182.763
185.029
187.294
189.559
191.825
194.09
196.356
198.621
200.886
203.153
205.418
207.684
209.95
212.215
214.48
216.746
219.011
221.276
223.542
225.808
228.073
230.339
232.604
234.87
237.136
239.401
241.666
243.932
246.197
248.463
250.728
252.994
255.26
257.524
259.79
262.055
264.321
266.587
268.852
271.118
273.383
275.649
277.915
280.18
282.445
284.711
286.976
289.242
291.507
293.773
296.038
298.304
300.57
302.835
305.1
307.365
309.631
302.181
304.083
299.553
295.243
296.971
294.106
293.851
293.596
293.341
293.085
292.83
292.575
292.321
292.066
291.81
291.556
291.301
291.046
290.791
290.535
290.28
290.025
289.77
289.515
289.261
289.005
288.751
288.496
288.24
287.985
287.73
287.475
287.22
286.965
286.71
286.455
286.201
285.945
285.691
285.435
285.18
284.924
284.669
284.415
284.16
283.905
283.65
283.395
283.14
282.885
282.63
282.375
282.12
281.865
281.609
281.355
281.099
280.845
280.589
280.334
280.079
279.825
279.57
279.315
279.059
278.804
278.55
278.295
278.04
277.785
277.529
277.274
277.019
276.765
276.509
276.254
275.999
275.744
275.489
275.234
274.979
274.724
274.469
274.215
273.959
273.704
273.449
273.194
272.939
272.685
272.429
272.175
271.919
271.664
271.408
271.154
270.899
270.644
270.389
270.134
269.879
269.624
269.368
269.113
268.859
268.603
268.349
268.094
267.839
267.584
267.329
267.073
266.82
266.564
266.308
266.054
265.799
265.544
265.288
265.033
264.778
264.523
264.269
264.013
263.758
263.503
263.249
262.994
262.738
262.483
262.229
261.972
261.718
261.463
261.208
260.954
260.698
260.443
260.188
259.934
259.678
259.423
259.168
258.913
258.658
258.402
258.148
257.893
257.637
248.127
247.526
240.798
234.279
233.512
228.369
225.713
223.057
220.401
217.745
215.089
212.432
209.776
207.121
204.464
201.808
199.151
196.496
193.839
191.183
188.527
185.871
183.215
180.559
177.903
175.247
172.591
169.934
167.279
164.622
161.966
159.31
156.654
153.997
151.341
148.686
146.03
143.373
140.717
138.061
135.405
132.749
130.093
127.437
124.781
122.125
119.468
116.813
114.156
111.5
108.844
106.188
103.532
100.876
98.2195
95.5632
92.9074
90.2514
87.5951
84.9386
82.2831
79.6267
76.9706
74.3146
110.376
109.171
133.593
157.144
156.626
174.419
181.808
189.197
196.585
203.974
211.362
218.75
226.139
233.527
240.916
248.305
255.693
263.082
270.469
277.858
285.247
292.635
300.024
307.412
314.8
322.189
329.578
336.966
344.355
351.744
359.132
366.52
373.909
381.298
388.686
396.074
363.472
369.362
348.782
329.103
334.281
320.548
317.563
314.577
311.59
308.603
305.618
302.631
299.645
296.658
293.672
290.686
287.7
284.712
281.726
278.74
275.754
272.768
269.781
266.795
263.808
260.823
257.836
254.85
251.863
248.877
245.891
242.904
239.918
236.931
233.946
230.959
227.973
224.987
222.001
219.014
216.027
213.041
210.055
207.069
204.082
201.096
198.11
195.123
192.137
189.15
186.164
183.178
180.191
177.206
174.218
171.233
168.246
165.26
162.274
159.287
156.301
153.314
150.328
147.342
144.355
141.369
138.383
135.396
132.411
129.424
126.438
123.451
120.465
117.479
124.258
121.637
125.481
129.105
126.658
128.83
128.377
127.924
127.471
127.018
126.566
126.113
125.66
125.207
124.754
124.301
123.849
123.396
122.943
122.49
122.037
121.585
121.132
120.679
120.227
119.773
119.32
118.868
118.415
117.962
117.51
117.057
116.604
116.151
115.698
115.245
114.793
114.34
113.887
113.434
112.981
112.528
112.076
111.623
111.17
110.717
110.264
109.812
109.359
108.906
108.453
108.0
107.547
107.095
106.642
106.189
105.737
105.284
104.831
104.378
103.925
103.472
103.019
102.567
102.114
101.661
101.208
100.756
100.303
99.8502
99.3971
98.9445
98.4916
98.0389
97.5859
97.1329
96.6804
96.2279
95.7745
95.3218
94.8692
94.4164
93.9635
93.5108
93.058
92.605
92.1522
91.6991
91.2467
90.7939
90.3409
89.8882
89.4353
88.9825
88.5294
88.0768
87.6245
87.1717
86.7186
86.2659
85.8131
85.3599
84.9075
84.4544
84.0017
83.5488
93.0819
93.003
99.5347
105.841
105.939
110.76
112.899
115.036
117.174
119.312
121.449
123.588
125.725
127.863
130.001
132.139
134.276
136.414
138.552
140.69
142.828
144.966
147.104
149.241
151.379
153.517
155.655
157.792
159.93
162.068
164.206
166.344
168.481
170.619
172.757
174.895
177.033
179.171
181.308
183.446
185.584
187.722
189.86
191.997
194.135
196.273
198.411
200.549
202.686
204.824
206.963
209.1
211.238
213.376
215.514
217.651
219.789
221.927
217.915
219.823
217.659
215.635
217.433
216.323
216.865
217.408
217.95
218.492
219.035
219.577
220.12
220.662
221.204
221.747
222.289
222.832
223.374
223.917
224.459
225.002
225.544
226.087
226.628
227.171
227.714
228.256
228.799
229.341
229.884
230.425
230.968
231.511
232.053
232.595
233.138
233.68
234.223
234.765
235.307
235.85
236.392
236.935
237.477
238.02
238.563
239.105
239.647
240.189
240.732
241.274
241.817
242.36
242.902
243.444
243.986
244.529
245.072
245.614
246.156
246.698
247.241
247.783
248.325
248.868
249.412
249.953
250.496
251.039
251.581
252.123
252.666
253.207
253.75
254.292
254.835
255.377
255.92
256.462
257.004
257.547
258.09
258.631
259.174
259.717
260.26
260.802
261.344
261.886
262.429
262.971
263.514
264.056
264.599
265.141
265.683
266.226
266.768
267.31
267.854
268.395
268.937
269.481
270.023
270.564
271.107
271.65
272.193
272.736
273.277
273.82
274.362
274.905
275.447
275.99
276.532
277.074
277.617
278.16
278.702
279.244
279.787
280.329
280.871
281.413
281.957
282.499
283.041
283.583
284.126
284.669
285.211
285.754
286.296
286.838
287.38
287.923
288.465
289.007
289.551
290.092
290.635
291.178
291.719
292.262
292.805
293.347
293.89
294.433
294.975
295.517
296.059
296.602
297.144
297.687
298.229
298.772
299.313
299.857
300.398
300.941
301.483
302.027
302.568
303.111
303.653
304.196
304.738
305.281
305.824
306.365
306.908
307.45
307.993
308.534
309.078
309.62
310.162
310.705
311.247
311.79
312.332
312.874
313.417
313.959
314.501
315.044
315.587
316.129
316.672
317.214
317.755
318.298
318.841
319.384
319.926
320.468
321.011
321.553
322.096
322.638
323.18
323.723
324.266
324.807
325.35
325.892
326.435
326.977
327.52
328.062
313.85
313.838
304.062
294.617
294.345
287.094
283.808
280.522
277.237
273.951
270.667
267.381
264.095
260.809
257.524
254.239
250.953
247.667
244.381
241.097
237.811
234.525
231.239
227.955
224.668
221.383
218.098
214.812
211.527
208.241
204.956
201.67
198.384
195.099
191.813
188.527
185.242
181.956
178.671
175.385
172.1
168.814
165.529
162.243
158.958
155.672
152.387
149.101
145.815
142.53
139.244
135.959
132.673
129.388
126.103
122.817
119.531
116.246
112.96
109.675
106.389
103.104
99.8182
96.5328
93.2467
89.9616
86.6763
83.3905
80.1049
76.819
88.036
85.2942
92.1516
98.6824
96.1977
100.572
101.049
101.526
102.003
102.48
102.956
103.434
103.91
104.387
104.864
105.341
105.818
106.295
106.772
107.249
107.725
108.202
108.679
109.156
109.633
110.11
110.587
111.064
111.541
112.018
112.495
112.972
113.448
113.925
114.402
114.879
115.356
115.833
116.31
116.787
117.263
117.741
118.218
118.695
119.171
119.648
120.125
120.602
121.079
121.555
122.033
122.509
122.986
123.463
123.94
124.417
124.894
125.371
125.848
126.324
126.801
127.278
127.755
128.232
128.709
118.387
118.459
111.382
104.549
104.43
99.2027
96.8778
94.5529
92.2277
89.9029
87.5785
85.2537
82.9284
80.6034
78.279
75.9539
73.629
71.3041
68.9794
66.6544
64.3295
62.0048
59.6799
57.3551
55.0301
52.7053
50.3804
48.0556
45.7305
43.4058
41.0809
38.7559
36.4313
34.1063
31.7814
29.4566
27.1315
24.8067
22.482
20.1571
34.7851
33.0954
42.6274
51.7774
50.3889
57.0181
59.0913
61.1647
63.2378
65.311
67.3844
69.4577
71.531
73.6043
75.6776
77.7507
79.8242
81.8975
83.9709
86.0439
88.1171
90.1905
92.2636
94.337
96.4104
98.4835
100.557
102.63
104.704
106.777
108.85
110.923
112.997
115.07
117.143
119.217
121.29
123.363
125.436
127.51
129.583
131.656
133.729
135.803
137.876
139.949
142.023
144.096
146.169
148.242
150.315
152.389
154.462
156.536
158.609
160.682
162.755
164.829
166.902
168.976
171.049
173.121
175.195
177.269
179.342
181.415
183.488
185.561
187.635
189.708
191.782
193.855
195.928
198.001
200.075
202.148
204.222
206.294
208.368
210.441
212.514
214.587
216.661
218.734
220.806
222.881
224.954
227.027
229.1
231.174
233.247
235.32
237.393
239.467
241.54
243.613
245.687
247.759
249.833
251.907
253.98
256.053
258.126
260.199
262.273
264.346
266.42
268.493
270.566
263.572
265.305
261.036
256.971
258.544
255.828
255.549
255.269
254.99
254.711
254.432
254.151
253.873
253.593
253.314
253.035
252.756
252.477
252.197
251.918
251.639
251.359
251.08
250.801
250.521
250.242
249.963
249.683
249.405
249.126
248.846
248.568
248.288
248.009
247.729
247.45
247.171
246.891
246.612
246.333
246.053
245.774
245.495
245.216
244.937
244.657
244.378
244.099
243.819
243.54
243.26
242.982
242.703
242.423
242.144
241.865
241.585
241.306
241.027
240.747
240.468
240.189
239.91
239.63
239.351
239.072
238.792
238.513
238.234
237.955
237.676
237.396
237.118
236.838
236.559
236.279
236.0
235.72
235.442
235.162
234.883
234.603
234.324
234.045
233.766
233.487
233.208
232.928
232.649
232.369
232.09
231.811
231.532
231.252
230.974
230.694
230.415
230.135
229.856
229.577
229.297
229.018
228.739
228.46
228.181
227.902
227.622
227.343
227.064
226.785
226.504
205.684
204.635
189.989
175.806
174.392
163.263
157.656
152.047
146.439
140.83
135.222
129.614
124.005
118.397
112.788
107.18
101.572
95.9634
90.3549
84.7463
79.1378
73.5295
67.9213
84.7158
79.9469
90.0071
99.5624
95.1916
101.416
101.619
101.823
102.027
102.231
102.434
102.638
102.842
103.045
103.249
103.453
103.656
103.86
104.064
104.267
104.471
104.675
104.879
105.082
105.286
105.49
105.693
105.897
106.101
106.305
106.508
106.712
106.915
107.119
107.323
107.526
107.73
107.934
108.137
108.341
108.545
108.749
108.952
109.156
109.36
109.564
109.767
109.971
110.174
110.378
110.582
110.786
110.989
111.193
113.194
113.465
114.925
116.346
116.649
117.802
118.472
119.142
119.812
120.482
121.151
121.821
122.491
123.161
123.831
124.501
125.171
125.841
126.511
127.181
127.851
128.521
129.191
129.861
130.531
131.201
131.871
132.541
133.211
133.881
134.551
135.221
135.891
136.56
137.231
137.901
138.57
139.24
139.911
140.581
141.25
141.921
142.59
143.26
143.93
144.6
145.27
145.94
146.61
147.28
147.95
148.62
149.29
149.96
150.63
151.3
151.97
152.64
153.31
153.98
154.65
155.32
155.99
156.66
157.33
157.999
158.669
159.339
160.009
160.679
161.349
162.02
162.689
163.359
164.029
164.699
165.369
166.039
166.709
167.379
168.049
168.719
169.389
170.059
170.729
171.399
172.069
172.739
173.408
174.079
174.749
175.418
176.088
176.759
177.429
178.098
178.769
179.439
180.108
180.778
177.548
178.073
176.015
174.045
174.5
173.11
172.768
172.427
172.084
171.743
171.402
171.06
170.718
170.376
170.034
169.692
169.351
169.009
168.667
168.325
167.984
167.642
167.3
166.959
166.617
166.275
165.933
165.591
165.25
164.908
164.566
164.225
163.882
163.541
163.199
162.858
162.516
162.174
161.832
161.49
161.149
160.807
160.465
160.123
159.782
159.44
159.099
158.756
158.415
158.073
157.731
157.39
157.048
156.706
156.364
156.022
155.681
155.339
154.997
154.655
154.314
153.972
153.63
153.289
152.946
152.605
152.263
151.921
151.58
151.238
150.896
150.554
150.212
149.871
149.529
149.188
148.846
148.504
148.162
154.312
154.214
158.412
162.466
162.482
165.569
166.912
168.255
169.597
170.94
172.282
173.624
174.967
176.31
177.652
178.995
180.338
181.68
183.022
184.365
185.707
187.05
188.392
189.735
191.078
192.42
193.762
195.105
196.448
197.79
199.133
200.475
201.817
203.16
204.502
205.844
207.187
208.53
209.873
211.215
212.558
213.899
215.243
216.585
217.927
219.27
220.613
221.955
223.298
224.64
225.983
227.325
228.667
230.01
231.352
232.696
234.038
235.38
236.723
238.066
239.407
240.75
242.093
243.435
244.779
246.121
247.463
248.806
250.148
251.49
252.833
254.176
255.518
256.861
258.203
259.546
260.888
262.23
263.573
264.916
266.259
267.601
268.943
270.286
271.629
272.971
274.314
275.657
276.999
278.342
279.684
281.026
282.368
283.712
285.054
286.396
287.739
289.081
290.423
291.766
293.108
294.451
295.794
297.136
298.479
299.821
301.165
302.506
294.53
295.524
290.349
285.386
286.213
282.633
281.559
280.483
279.408
278.333
277.259
276.184
275.109
274.035
272.959
271.884
270.809
269.734
268.66
267.584
266.509
265.434
264.359
263.284
262.21
261.134
260.06
258.986
257.911
256.835
255.759
254.685
253.611
252.535
251.46
250.385
249.311
248.235
247.161
246.086
245.01
243.936
242.861
241.786
240.711
239.636
238.561
237.486
236.411
235.336
234.261
233.187
232.111
231.036
229.961
228.887
227.812
226.737
225.662
224.587
223.511
222.437
221.362
220.287
219.212
218.137
217.062
215.987
214.913
213.837
212.762
211.687
210.613
209.538
208.463
207.388
206.313
205.238
204.163
203.088
202.013
200.939
199.862
198.788
197.713
196.639
195.563
194.488
193.413
192.338
191.264
190.189
189.114
188.039
186.964
185.888
184.814
183.739
182.664
181.589
180.515
179.439
178.364
177.29
176.214
175.139
174.064
172.989
171.915
170.84
169.764
168.69
167.614
166.54
165.465
164.39
163.315
162.24
161.165
160.09
157.723
156.599
154.621
152.671
151.525
149.768
148.357
146.947
145.537
144.127
142.717
141.307
139.896
138.486
137.076
135.666
134.255
132.845
131.435
130.025
128.615
127.205
125.794
124.384
122.974
121.564
120.154
118.743
117.334
115.923
114.513
113.103
111.693
110.283
108.872
107.462
106.052
104.642
103.231
101.821
100.411
99.0012
97.5906
96.1806
94.7704
93.3603
91.9505
90.5402
89.1297
87.7198
86.3095
84.8992
83.4889
82.0791
80.6688
79.2585
77.8485
76.4382
75.0285
73.6179
72.2078
70.7974
69.3875
67.9774
66.567
65.1567
63.7467
62.3364
60.9263
59.5163
58.1058
56.6957
55.2857
53.8754
52.4654
51.0549
49.6449
48.2347
82.8382
82.7774
106.555
129.521
130.1
147.711
155.643
163.577
171.509
179.442
187.375
195.308
203.241
211.174
219.107
227.04
234.973
242.905
250.838
258.772
266.704
274.637
282.57
290.503
298.436
306.369
314.302
322.234
330.168
338.101
346.033
353.967
361.9
369.832
377.765
385.699
393.631
401.564
409.496
417.429
425.362
433.296
441.229
449.16
457.093
409.962
415.832
385.255
355.915
360.806
339.656
333.304
326.952
320.599
314.245
307.894
301.541
295.188
288.836
282.483
276.131
269.778
263.426
257.073
250.721
244.368
238.014
231.662
225.31
218.957
212.604
206.252
199.899
193.546
187.194
180.842
174.489
168.137
161.783
183.853
178.565
192.091
204.976
200.192
208.851
209.872
210.893
211.915
212.935
213.956
214.977
215.997
217.019
218.04
219.061
220.082
221.103
222.124
223.145
224.166
225.187
226.207
227.228
228.248
229.271
230.291
231.312
232.333
233.354
234.374
235.396
236.416
237.437
238.458
239.479
240.5
241.521
242.542
243.563
244.584
245.604
246.626
247.647
248.668
249.688
250.709
251.731
252.752
253.773
254.793
255.814
256.835
257.856
258.877
259.898
260.918
261.939
262.961
263.981
265.003
266.023
267.045
268.064
269.086
270.107
271.129
272.15
273.169
274.192
275.211
276.233
277.253
278.274
279.296
280.316
281.338
282.358
283.379
284.4
285.421
286.442
287.462
288.483
289.504
290.526
291.546
292.568
293.588
294.61
295.631
296.651
297.672
298.692
299.714
300.735
301.755
302.777
303.797
304.819
305.839
306.86
307.881
308.902
309.923
310.945
311.965
312.986
314.008
315.028
316.049
317.069
318.091
319.112
320.132
321.153
322.174
323.196
324.216
325.238
326.259
327.278
328.3
329.321
330.341
331.363
332.383
333.404
334.426
335.446
336.467
337.488
338.51
339.529
340.551
341.572
342.593
343.613
344.634
345.656
346.676
347.697
348.718
332.1
332.46
321.144
310.225
310.271
301.975
298.42
294.864
291.31
287.754
284.198
280.643
277.088
273.533
269.977
266.422
262.867
259.311
255.756
252.201
248.645
245.09
241.535
237.979
234.424
230.868
227.313
223.758
220.202
216.647
213.091
209.536
205.981
202.425
198.87
195.315
191.76
188.204
184.648
181.094
177.538
173.983
170.427
166.872
163.316
167.527
164.263
166.14
167.842
164.715
165.262
163.721
162.181
160.64
159.099
157.559
156.019
154.478
152.938
151.397
149.857
148.316
146.776
145.236
143.695
142.154
140.614
139.074
137.533
135.993
134.452
132.912
131.372
129.831
128.291
126.75
125.21
123.669
122.129
120.588
119.048
117.507
113.201
111.557
108.082
104.67
102.977
99.9758
97.7184
95.4601
93.2019
90.9442
88.6861
86.428
84.1703
81.9122
79.6543
77.3963
75.1385
72.8805
70.6228
68.3649
66.1066
63.8488
61.5908
59.333
57.0749
54.8172
52.5592
50.3012
48.0433
45.7853
43.5272
60.9336
59.4126
70.9076
81.9596
80.7876
88.9159
91.7595
94.603
97.4465
100.29
103.134
105.977
108.821
111.665
114.508
117.352
120.195
123.039
125.882
128.726
131.57
134.413
137.257
140.1
142.944
145.788
148.631
151.475
154.319
157.162
160.005
162.849
158.466
161.039
158.828
156.78
159.224
158.251
159.22
160.188
161.157
162.125
163.095
164.063
165.032
166.001
166.969
167.938
168.906
169.876
170.844
171.813
172.782
173.75
174.719
175.687
176.656
177.625
178.594
179.562
180.531
181.5
182.469
183.436
184.406
185.374
186.343
187.312
188.28
189.249
190.218
191.187
192.155
193.124
194.093
195.061
196.03
196.999
197.968
198.936
199.905
200.874
201.843
202.811
203.78
204.748
205.717
206.686
207.655
208.624
209.592
210.561
211.529
212.498
213.466
214.435
215.404
216.373
217.341
218.31
219.279
220.247
221.216
222.185
223.154
224.122
225.091
226.06
227.029
227.997
228.966
229.935
230.903
231.872
232.84
233.809
234.778
235.747
236.715
237.684
238.653
239.621
240.59
241.559
242.528
243.496
244.465
245.434
246.402
247.371
248.34
249.309
250.277
251.245
252.215
253.184
254.152
255.121
256.089
257.059
258.027
258.995
259.964
260.933
261.901
262.871
263.839
264.808
265.777
266.745
267.714
268.683
269.652
270.621
271.589
272.557
273.526
274.495
275.463
276.433
276.643
277.582
278.021
278.475
279.402
279.97
280.743
281.514
282.286
283.058
283.83
284.602
285.374
286.146
286.918
287.69
288.461
289.233
290.005
290.776
291.549
292.321
293.093
293.865
294.637
295.409
296.18
296.952
297.724
298.496
299.268
300.039
300.813
301.584
302.355
303.127
303.9
304.671
305.443
306.216
306.987
307.76
308.531
309.302
310.075
310.846
311.618
312.391
313.162
313.933
314.706
315.478
316.249
317.021
317.793
318.564
319.338
315.207
315.794
313.138
310.591
311.092
309.275
308.774
308.275
307.775
307.276
306.776
306.275
305.775
305.275
304.775
304.275
303.775
303.275
302.776
302.275
301.775
301.275
300.776
300.276
299.775
299.277
298.776
298.275
297.777
297.276
296.775
296.276
295.777
295.275
294.776
294.275
293.776
293.276
292.776
292.276
291.777
291.276
290.776
290.276
289.777
289.276
288.776
288.276
287.776
287.277
286.777
286.276
285.775
285.276
284.777
284.277
283.775
283.276
282.777
282.275
281.776
281.277
280.777
280.276
279.777
279.276
266.808
265.858
256.989
248.387
247.226
240.404
236.8
233.195
229.589
225.984
222.38
218.774
215.169
211.565
207.959
204.354
200.749
197.144
193.539
189.934
186.329
182.724
179.119
175.513
171.909
168.303
164.698
161.093
157.488
153.883
150.278
146.673
143.068
139.462
135.858
132.253
128.648
125.043
133.238
130.075
134.723
139.105
136.152
138.779
138.236
137.692
137.148
136.605
136.061
135.517
134.973
134.43
133.886
133.342
132.799
132.255
131.712
131.168
130.624
130.081
129.537
128.993
128.45
127.906
127.362
126.819
126.275
125.732
125.188
124.644
124.101
123.557
123.013
122.469
121.926
121.382
120.838
120.295
119.751
119.207
118.664
118.12
117.576
117.033
116.489
115.945
115.402
114.858
114.315
113.771
113.227
112.684
112.14
111.596
111.053
110.509
109.965
109.421
108.878
108.334
107.791
107.247
106.703
106.16
105.616
105.072
104.528
103.985
103.441
102.898
102.354
101.81
101.267
100.723
100.179
99.6357
99.0924
98.5483
98.0045
97.4614
96.9174
96.3737
95.8302
95.2864
94.7429
94.1991
93.6554
93.1118
92.5685
92.0246
91.4807
90.9373
90.3937
89.85
89.3062
88.7627
88.2189
87.6754
87.1317
86.5879
86.0445
96.3607
96.2241
103.276
110.084
110.139
115.332
117.606
119.88
122.154
124.427
126.702
128.975
131.249
133.522
135.797
138.07
140.344
142.618
144.892
147.166
149.44
151.714
153.988
156.261
158.535
160.809
163.083
165.356
167.631
169.904
172.178
174.452
176.726
179.0
181.273
183.547
185.821
188.095
190.369
192.643
194.916
197.19
199.464
201.738
204.012
206.286
208.56
210.834
213.107
215.382
217.655
219.929
222.203
224.477
226.751
229.024
231.298
233.572
235.846
238.12
240.394
242.667
244.941
247.215
249.489
251.763
254.037
256.311
258.585
260.859
263.132
265.406
267.68
253.381
255.033
245.715
236.772
238.13
231.651
229.624
227.598
225.573
223.547
221.521
219.495
217.469
215.443
213.418
211.392
209.366
207.34
205.314
203.288
201.261
199.236
197.21
195.184
193.158
191.133
189.107
187.081
185.055
183.029
181.003
178.977
176.952
174.926
172.9
170.874
168.848
166.822
164.796
162.77
160.745
158.719
156.693
154.667
152.641
150.615
148.589
146.564
144.538
142.512
140.486
138.46
136.434
134.409
132.383
130.357
128.331
126.305
124.279
122.253
120.228
118.202
116.176
114.15
112.124
110.098
108.072
106.046
104.02
101.994
99.9687
97.9429
95.9173
93.891
91.8656
89.8395
87.8135
92.2715
90.4888
92.9977
95.3606
93.6928
95.0911
94.7479
94.4038
94.0601
93.7167
93.3728
93.029
92.6856
92.342
91.9981
91.6541
91.3104
90.967
90.6231
90.2792
89.9357
89.5918
89.2478
88.9044
88.5605
88.2168
87.8728
87.5297
87.1856
86.8418
86.4984
86.1546
89.8784
89.6872
92.1878
94.5975
94.4782
96.2827
96.9943
97.7055
98.4173
99.129
99.8402
100.552
101.263
101.975
102.686
103.398
104.109
104.821
105.532
106.244
106.955
107.667
108.378
109.09
109.801
110.513
111.224
111.936
112.647
113.359
114.07
114.781
115.493
116.205
116.916
117.628
118.339
119.051
119.762
120.474
121.185
121.897
122.608
123.32
124.031
124.742
125.454
126.166
126.877
127.589
128.3
129.012
129.723
130.435
131.146
131.858
132.57
133.281
133.992
134.704
135.416
136.127
136.838
137.55
138.261
138.972
139.684
140.396
141.107
141.819
142.53
143.242
143.953
144.665
145.376
146.088
146.799
147.511
148.222
148.934
149.645
150.357
151.068
151.78
152.491
153.202
153.914
154.626
155.337
156.049
156.76
157.472
158.183
158.895
159.607
160.318
161.029
161.741
162.452
163.164
163.876
164.586
165.298
166.01
165.095
165.745
165.318
164.929
165.551
165.404
165.693
165.982
166.271
166.561
166.851
167.14
167.429
167.719
168.008
168.297
168.587
168.877
169.166
169.455
169.745
170.035
170.324
170.613
170.903
171.193
171.482
171.771
172.061
172.35
172.64
172.929
173.218
173.508
173.797
174.087
174.376
174.666
174.955
175.245
175.534
175.823
176.113
176.402
176.692
176.981
177.271
177.56
177.85
178.14
178.429
178.718
179.007
179.297
179.586
179.876
180.166
180.455
180.744
181.033
181.323
181.613
181.902
182.192
182.481
182.77
183.06
183.349
183.638
183.929
184.219
184.507
184.797
185.086
185.376
185.665
179.973
180.038
176.143
172.384
172.343
169.473
168.211
166.948
165.686
164.424
163.161
161.899
160.636
159.374
158.112
156.849
155.586
154.325
153.062
151.799
150.537
149.274
148.012
146.75
145.487
144.225
142.962
141.7
140.438
139.175
137.913
136.65
135.387
134.126
132.863
131.6
130.338
129.076
127.813
126.551
125.289
124.026
122.763
121.501
120.239
118.976
117.714
116.452
115.189
113.926
112.664
111.402
110.139
108.877
107.614
106.352
105.089
103.827
102.565
101.302
100.04
98.7771
97.5152
96.2525
94.9902
93.7275
92.465
91.2028
89.9403
88.6781
87.4153
86.153
84.8905
83.628
82.3657
81.1032
79.8407
78.5785
77.3158
76.0536
76.4911
75.2927
75.2191
75.1072
73.9387
73.5742
72.7528
71.9316
71.1101
70.2887
69.4675
68.646
67.8244
67.0033
66.1819
65.3604
64.5392
63.7177
62.8963
62.0749
61.2535
60.4321
59.6108
58.7893
57.9681
57.1465
56.3253
55.5039
64.1524
63.6859
69.4876
75.0762
74.778
78.9581
80.5936
82.229
83.8643
85.4997
87.1352
88.7705
90.4061
92.0413
93.6769
95.3123
96.9476
98.583
100.219
101.854
103.489
105.125
106.76
108.396
110.031
111.667
113.302
114.937
116.573
118.208
119.844
121.479
123.115
124.75
126.385
128.021
129.656
131.292
132.927
134.562
136.198
137.833
139.469
141.104
142.74
144.375
146.01
147.646
149.281
150.917
152.552
154.188
155.823
157.458
159.094
160.729
162.365
164.001
165.636
167.271
168.907
170.542
172.177
173.813
175.448
177.083
178.719
180.354
181.99
183.625
185.261
186.896
188.531
190.167
191.802
193.438
195.073
196.709
198.344
199.98
201.615
203.25
204.886
206.522
208.156
209.792
211.428
213.063
214.699
216.334
217.969
219.605
221.24
222.875
224.512
226.146
227.782
229.417
231.053
232.688
234.324
235.959
237.594
239.23
240.865
242.501
244.136
230.698
231.768
222.861
214.293
215.097
208.77
206.495
204.22
201.945
199.669
197.394
195.119
192.843
190.568
188.294
186.018
183.742
181.467
179.192
176.917
174.642
172.366
170.091
167.816
165.541
163.265
160.99
158.715
156.44
154.165
151.889
149.614
147.338
145.064
142.788
140.513
138.238
135.963
133.687
131.412
129.137
126.862
124.587
122.311
120.036
117.761
115.485
113.21
110.935
108.66
106.385
104.109
101.834
99.5584
97.2832
95.008
92.7329
90.4576
88.1823
85.9071
83.6321
81.357
79.0814
76.8063
74.5309
72.2557
69.9805
67.7053
65.4303
87.9542
86.6082
101.677
116.188
115.283
126.105
130.264
134.422
138.581
142.739
146.898
151.056
155.215
159.373
163.532
167.691
171.849
176.007
180.166
184.325
188.483
192.641
196.8
200.958
205.117
209.276
213.434
217.592
221.751
225.909
230.068
234.226
238.385
242.543
246.702
250.86
255.019
259.177
263.336
267.494
271.653
275.812
279.97
284.129
288.287
292.446
296.604
300.762
304.922
309.079
313.238
317.397
321.556
325.713
329.872
334.031
338.189
342.348
346.506
350.665
354.822
358.982
363.14
333.485
336.377
316.886
298.157
300.448
286.747
282.134
277.521
272.907
268.293
263.679
259.066
254.452
249.838
245.224
240.61
235.996
231.383
226.77
222.156
217.542
212.928
208.313
203.7
199.086
194.473
189.859
185.245
180.631
176.017
171.404
166.79
162.176
157.562
152.948
148.334
143.721
139.107
134.493
129.879
125.266
120.652
116.038
111.424
106.811
102.196
97.5827
92.9695
88.3551
83.7418
79.1278
74.5136
69.9003
65.2868
60.6725
56.0588
51.4449
64.9437
61.0083
69.0623
76.7076
73.0945
78.047
78.1321
78.2169
78.3022
78.3875
78.4724
78.5576
78.6427
78.7277
78.8127
78.8979
78.9832
79.0681
79.1532
79.2382
79.3233
79.4085
79.4936
79.5787
79.6639
79.7488
79.834
79.919
80.004
80.0894
80.1745
80.2596
80.3447
80.4296
80.5149
80.6
80.685
80.7702
80.8553
80.94
81.0256
81.1107
81.1956
81.2807
81.3661
81.4508
81.5359
81.6212
81.7062
81.7912
81.8766
81.9617
82.0465
82.1317
82.2167
82.302
82.3872
82.4723
82.5573
82.6423
82.7275
82.8127
82.8976
82.9826
83.0679
83.1531
83.238
83.3232
83.4083
83.4936
83.5786
83.6637
83.7487
83.8339
83.9189
84.004
84.0892
84.1742
84.2592
84.3444
84.4296
84.5146
84.5997
84.6846
84.7698
84.8549
84.94
85.0249
85.1105
85.1955
85.2804
85.3656
85.4509
85.5358
92.145
92.4747
97.1226
101.624
102.069
105.6
107.378
109.155
110.933
112.711
114.489
116.266
118.044
119.822
121.599
123.377
125.155
126.932
128.71
130.488
132.266
134.043
135.821
137.598
139.376
141.154
142.931
144.709
146.487
148.264
150.042
151.82
153.597
155.375
157.153
158.93
160.708
162.486
164.264
166.041
167.819
169.597
171.374
173.152
174.93
176.707
178.486
180.263
182.041
183.818
185.596
187.373
189.151
190.929
192.707
194.484
196.262
198.04
199.818
201.595
203.373
205.151
206.928
208.705
210.484
212.261
214.039
215.817
217.594
219.372
221.15
222.927
216.795
218.276
214.522
210.946
212.288
209.887
209.613
209.339
209.065
208.79
208.516
208.242
207.967
207.692
207.418
207.144
206.87
206.595
206.321
206.046
205.772
205.497
205.224
204.95
204.676
204.402
204.127
203.852
203.578
203.303
203.029
202.755
202.48
202.206
201.932
201.658
201.383
201.109
200.835
200.56
200.286
200.012
199.737
199.463
199.189
198.915
198.64
198.366
198.092
197.818
197.543
197.269
196.994
196.72
196.446
196.171
195.897
195.623
195.349
195.074
194.8
194.525
194.25
193.976
193.703
193.428
193.154
192.879
192.605
192.331
192.056
191.782
191.508
191.233
190.959
190.685
190.41
190.136
189.862
189.587
189.313
189.039
188.765
188.49
188.216
187.941
187.667
187.393
187.119
186.845
186.57
186.296
186.021
185.747
185.472
185.199
184.924
184.65
184.375
184.101
183.827
183.553
183.278
183.004
182.73
182.455
182.18
181.907
181.632
181.358
181.083
180.809
180.535
181.811
181.594
182.404
183.179
182.991
183.535
183.663
183.79
183.918
184.046
184.174
184.301
184.429
184.557
184.685
184.812
184.941
185.068
185.197
185.324
185.452
185.58
185.707
185.836
185.963
186.091
186.219
186.346
186.475
186.602
186.73
186.858
186.986
187.114
187.241
187.369
187.497
187.625
187.752
187.88
188.008
188.136
188.264
188.392
188.52
188.647
188.775
188.903
189.031
189.158
189.287
189.414
189.542
189.67
189.797
189.925
190.053
190.181
190.309
190.437
190.565
190.692
190.82
190.948
191.076
191.203
191.331
191.459
191.587
191.715
191.842
191.97
192.098
192.226
192.353
192.481
192.609
192.736
192.865
192.992
193.121
193.249
193.376
193.504
193.633
193.76
193.888
194.015
194.144
194.27
194.398
194.526
194.654
194.782
194.911
195.038
195.165
195.294
195.421
195.549
195.677
195.805
195.933
196.06
196.188
196.315
196.444
196.572
196.7
196.827
196.955
197.083
197.21
197.338
197.466
197.593
197.721
197.849
197.978
198.106
198.234
198.361
198.489
198.617
198.744
198.872
199.0
199.128
199.256
199.384
199.511
199.639
199.767
186.76
186.396
177.337
168.573
167.976
161.166
157.887
154.607
151.327
148.046
144.767
141.487
138.208
134.928
131.648
128.369
125.089
121.809
118.528
115.249
111.969
108.689
105.409
102.13
98.8499
95.57
92.29
89.0106
85.7305
82.451
79.1708
75.8908
72.6113
69.3317
66.0517
62.7719
59.4921
56.212
52.9323
49.6528
46.3728
43.0932
39.8133
36.5335
33.2537
29.9736
26.694
23.414
20.1343
16.8545
37.8685
35.4991
49.2103
62.374
60.4362
69.9877
73.0105
76.0334
79.0561
82.079
85.1017
88.1245
91.1474
94.1702
97.193
100.216
103.239
106.262
109.284
112.307
115.33
118.352
121.376
124.399
127.421
130.444
133.467
136.489
139.512
142.535
145.558
148.581
151.604
154.627
157.649
160.672
163.695
166.718
169.741
172.764
175.787
178.809
181.832
184.855
187.878
190.9
193.924
196.946
199.969
202.991
206.015
209.037
212.06
215.083
218.106
221.129
224.152
227.175
230.197
233.22
236.243
239.266
242.288
245.311
248.334
251.358
254.38
257.403
260.426
263.448
266.472
269.494
272.517
275.539
278.562
281.585
284.609
287.631
290.654
293.676
296.699
299.722
302.745
305.768
308.79
311.813
314.837
301.803
304.224
296.017
288.171
290.308
284.85
283.707
282.564
281.422
280.279
279.135
277.993
276.85
275.707
274.564
273.422
272.278
271.136
269.993
268.85
267.708
266.564
265.422
264.279
263.136
261.994
260.851
259.708
256.073
254.837
251.951
249.12
247.841
245.381
243.593
241.803
240.014
238.224
236.435
234.645
232.856
231.066
229.277
227.488
225.698
223.909
222.12
220.33
218.541
216.752
214.962
213.173
211.384
209.594
207.805
206.015
204.225
202.437
200.647
198.857
197.069
195.279
193.49
191.7
189.911
188.121
186.332
184.543
182.754
180.964
179.174
177.385
175.596
173.806
172.016
170.228
168.438
166.649
164.86
163.07
161.28
159.491
157.702
155.912
154.124
152.334
150.545
148.755
146.966
145.176
143.387
141.598
139.807
138.019
136.23
134.44
132.651
130.861
129.072
127.282
125.493
123.704
121.914
120.125
118.335
116.546
114.757
112.967
111.178
109.389
107.6
105.81
104.021
102.231
100.442
98.6525
96.8632
95.0737
93.2842
91.4952
89.7055
87.9161
86.1267
104.704
103.678
116.132
128.128
127.464
136.431
139.925
143.42
146.914
150.408
153.903
157.397
160.891
164.386
167.881
171.374
174.868
178.363
181.857
185.352
188.846
192.34
195.834
199.328
202.823
206.317
209.812
213.306
216.801
220.295
223.789
227.284
230.778
234.272
237.767
241.26
244.755
248.249
251.744
255.238
258.732
262.227
265.721
269.216
272.709
276.204
279.699
283.193
286.687
290.181
293.676
297.17
300.664
304.158
307.653
311.147
314.642
318.136
321.63
325.125
328.618
332.113
335.607
339.102
342.596
346.09
349.585
353.079
356.573
360.068
363.562
367.055
370.55
374.044
377.539
381.033
384.528
388.022
391.516
395.011
398.505
402.0
405.493
408.988
412.483
415.976
419.47
422.966
426.459
429.954
433.448
406.246
408.591
390.616
373.335
375.134
362.415
357.947
353.478
349.008
344.539
340.07
335.6
331.132
326.662
322.192
317.725
313.254
308.785
304.315
299.847
295.378
290.909
286.439
281.97
277.502
273.032
268.563
264.094
259.625
255.157
250.687
246.217
241.748
237.279
232.81
228.341
223.872
219.403
214.933
210.464
205.995
201.526
197.057
192.588
188.118
183.65
179.18
174.711
170.242
189.509
185.929
198.061
209.658
206.5
214.568
216.256
217.945
219.633
221.322
223.011
224.7
226.389
228.078
229.766
231.456
233.144
234.833
236.522
238.21
239.899
241.588
243.277
244.966
246.655
248.343
250.032
251.721
253.41
255.099
256.787
258.476
260.165
261.854
263.543
265.231
266.92
268.609
270.298
271.987
273.675
275.364
277.053
278.742
280.431
276.462
277.939
275.672
273.531
274.909
273.609
273.83
274.051
274.273
274.494
274.715
274.936
275.158
275.379
275.6
275.822
276.042
276.264
276.485
276.706
276.928
277.148
277.37
277.591
277.812
278.033
278.255
278.476
278.697
278.918
279.14
279.361
279.582
279.804
280.024
280.245
280.468
280.688
280.91
281.13
281.352
281.574
281.795
282.015
282.237
282.459
282.679
282.9
283.122
283.343
283.564
283.786
284.006
284.228
284.45
284.67
284.892
285.113
285.335
285.555
285.777
285.997
286.219
286.441
286.661
286.883
287.104
287.325
287.546
287.768
287.989
288.21
288.431
288.652
288.874
289.094
289.316
289.538
289.759
289.979
290.201
290.423
290.644
290.865
291.086
291.308
291.529
291.75
291.971
292.192
292.414
292.635
292.856
293.077
293.298
293.52
293.742
293.962
294.184
294.405
294.627
294.847
295.068
295.288
295.511
295.732
295.953
296.174
296.395
296.616
296.838
297.059
297.281
302.627
303.039
306.847
310.536
311.041
313.969
315.52
317.071
318.622
320.173
321.725
323.275
324.826
326.377
327.927
329.479
331.03
332.58
334.131
335.682
337.233
338.784
340.336
341.886
343.437
344.988
346.539
348.09
349.641
351.191
352.742
354.293
355.845
357.395
358.946
360.497
362.048
363.6
365.151
366.701
368.252
369.804
371.354
372.905
374.456
376.008
377.557
379.109
380.66
382.21
383.762
385.312
386.864
388.414
389.965
391.517
393.066
394.618
396.168
397.719
399.271
400.821
402.373
403.923
405.474
407.026
408.576
410.127
411.678
413.23
414.78
416.33
417.882
419.433
420.984
422.535
424.086
425.637
427.187
428.739
430.29
431.841
433.392
434.943
436.491
438.044
439.594
441.145
442.697
444.248
445.799
447.35
448.901
450.452
452.003
453.553
455.103
456.656
438.577
439.393
427.214
415.48
415.946
407.131
403.588
400.046
396.505
392.965
389.424
385.882
382.341
378.799
375.258
371.715
368.174
364.633
361.091
357.549
354.009
350.467
346.925
343.384
343.636
340.237
339.348
338.374
335.043
333.505
330.947
328.391
325.834
323.276
320.72
318.162
315.605
313.047
310.49
307.934
305.376
302.819
300.261
297.704
295.146
292.59
290.031
287.476
284.918
282.36
279.804
277.247
274.689
272.132
269.575
267.017
264.461
261.903
259.346
256.788
254.232
251.673
249.117
246.559
244.002
241.446
238.887
236.331
233.773
231.216
228.658
226.101
223.544
220.988
218.43
215.872
213.316
210.758
208.201
205.644
203.087
200.529
197.972
195.414
192.857
197.852
195.579
198.304
200.859
198.718
200.151
199.553
198.955
198.357
197.759
197.161
196.564
195.966
195.369
194.771
194.172
193.574
192.977
192.38
191.781
191.183
190.586
189.988
189.391
188.792
188.195
187.597
186.999
186.401
185.803
185.206
184.608
184.01
183.413
182.815
182.217
181.619
181.021
180.424
179.826
179.228
178.63
178.032
177.435
176.837
176.239
175.641
175.043
174.445
173.847
173.249
172.652
172.054
171.456
170.859
170.261
169.663
169.065
168.467
167.87
167.271
166.674
166.076
165.479
164.88
164.283
163.685
163.087
162.49
161.892
161.294
160.696
160.098
159.501
158.903
158.305
157.707
157.109
156.512
155.914
155.316
154.718
154.121
153.522
152.925
152.327
151.73
151.131
150.533
149.936
149.338
148.74
152.29
151.848
154.151
156.361
155.992
157.585
158.063
158.541
159.019
159.497
159.976
160.454
160.932
161.41
161.889
162.367
162.846
163.323
163.802
164.28
164.758
165.236
165.714
166.193
166.671
167.149
167.627
168.106
168.584
169.062
169.54
170.019
170.497
170.975
171.453
171.932
172.409
172.888
173.366
173.845
174.323
174.801
175.279
175.758
176.236
176.714
177.192
177.671
178.149
178.627
179.105
179.583
180.062
180.539
181.018
181.496
181.974
182.452
182.931
183.409
183.887
184.366
184.844
185.321
185.801
186.278
186.757
187.235
187.713
178.752
178.875
172.752
166.84
166.797
162.289
160.318
158.346
156.376
154.405
152.434
150.463
148.492
146.521
144.551
142.58
140.609
138.638
136.667
134.696
132.725
130.754
128.783
126.813
124.841
122.871
120.9
118.928
116.958
114.987
113.016
111.045
109.074
107.103
105.132
103.161
101.19
99.2199
97.249
95.2777
93.307
91.336
89.3651
87.394
85.4236
83.4522
81.4815
79.5105
77.5397
75.5687
73.5977
71.6267
69.6559
67.6851
65.714
63.7432
61.7724
59.8016
57.8308
55.8598
53.8889
51.9179
49.947
47.9761
46.0052
44.0342
42.0633
40.0926
38.1216
44.7816
43.1344
47.1999
51.0711
49.5768
52.1646
52.4328
52.7011
52.9695
53.2379
53.5061
53.7744
54.0427
54.3107
54.5792
54.8474
55.1157
55.384
55.6521
55.9207
56.1887
56.4572
56.7254
56.9935
57.2619
57.5301
57.7982
58.0668
58.335
58.6033
58.8715
59.1398
59.4081
59.6764
59.9447
60.2128
60.4812
60.7495
61.0176
61.2862
61.5544
69.3205
69.8698
75.3821
80.7252
81.4075
85.636
87.8497
90.0631
92.2768
94.4898
96.7035
98.9169
101.13
103.344
105.557
107.771
109.984
112.198
114.411
116.625
118.838
121.052
123.265
125.478
127.692
129.905
132.119
134.332
136.546
138.759
140.972
143.186
145.4
147.614
149.827
152.04
154.254
156.467
158.681
160.894
163.108
165.321
167.534
169.748
171.962
174.175
176.388
178.602
180.815
183.028
185.242
187.456
189.669
191.883
194.096
196.31
198.523
200.736
202.95
205.164
207.377
209.591
211.804
214.017
216.231
218.445
220.658
222.871
225.085
227.299
229.512
231.725
233.938
236.152
238.365
240.579
242.793
245.006
247.218
249.433
251.646
253.86
256.073
258.287
260.501
262.714
264.928
267.142
269.354
271.568
273.781
275.995
278.209
280.422
282.635
284.849
287.063
289.276
291.49
293.703
295.916
298.129
300.343
299.442
301.539
301.573
301.678
303.719
304.287
305.693
307.098
308.503
309.909
311.314
312.72
314.126
315.53
316.936
318.341
319.747
321.151
322.557
323.961
325.368
326.773
328.178
329.584
330.989
332.394
333.8
335.204
336.611
338.015
339.42
340.826
342.231
343.637
345.042
346.447
347.853
349.259
350.663
352.068
353.473
354.88
356.284
357.691
359.096
360.502
361.906
363.312
364.717
366.122
367.527
368.933
370.338
371.744
373.149
374.553
375.959
377.366
378.77
380.176
381.58
382.986
384.392
385.797
387.202
388.607
390.011
391.418
392.823
394.229
395.634
397.04
398.445
399.85
372.649
372.981
354.379
336.421
336.246
322.542
316.525
310.509
304.494
298.476
292.461
286.445
280.428
274.411
268.395
262.379
256.363
250.346
244.33
238.313
232.297
226.281
220.264
214.248
208.232
202.216
196.199
190.182
184.166
178.15
172.134
166.117
160.101
154.085
148.068
142.052
136.036
130.019
124.003
117.987
111.97
105.954
99.9373
93.9211
87.9051
81.8886
75.8719
69.8557
63.8393
57.8229
51.8068
45.7905
39.7741
33.7578
27.7414
21.7251
15.7087
9.69257
3.67607
-2.34018
37.8025
33.5159
59.783
85.01
81.5432
99.9069
105.866
111.824
117.783
123.742
129.701
135.66
141.619
147.577
153.536
159.495
165.454
171.413
177.372
183.331
189.29
195.248
201.207
207.166
213.125
219.084
225.043
231.002
236.961
242.92
248.878
254.837
260.796
266.754
272.714
278.672
284.632
290.591
296.55
302.508
308.467
314.426
320.385
326.343
332.302
338.262
344.22
350.179
356.138
330.147
334.909
318.522
302.855
307.049
296.134
293.803
291.474
289.144
286.814
284.483
282.154
279.824
277.493
275.164
272.834
270.504
268.173
265.844
263.514
261.183
258.854
256.524
254.193
251.863
249.533
247.204
244.874
242.544
240.215
237.884
235.554
233.224
230.894
228.564
226.234
223.904
221.575
219.244
216.915
214.584
212.254
209.925
207.594
205.264
202.935
200.604
198.275
195.945
193.614
191.285
188.955
186.624
184.294
181.964
179.635
177.304
174.975
172.645
170.314
167.985
165.655
163.325
160.994
158.665
156.334
154.005
151.675
149.345
147.015
144.685
142.355
140.025
137.695
135.365
133.035
130.705
128.375
126.045
123.715
121.385
119.056
116.725
114.395
112.065
109.736
107.406
105.075
102.745
100.416
98.0854
95.7555
93.4258
91.0956
88.7654
86.4359
84.1056
81.7759
79.4456
77.1156
74.7858
72.4558
70.1259
88.8753
87.3355
99.7478
111.686
110.52
119.324
122.463
125.601
128.74
131.879
135.017
138.156
141.295
144.433
147.572
150.711
153.85
156.989
160.127
163.266
166.405
169.543
172.682
175.82
178.96
182.098
185.237
188.376
191.514
194.654
197.792
200.931
204.069
207.208
210.347
213.486
216.624
219.763
222.902
226.04
229.179
232.318
235.457
238.594
241.735
244.872
248.011
251.15
254.288
257.427
260.566
263.705
266.843
269.983
273.121
276.259
279.398
282.539
285.676
288.815
291.954
295.092
298.231
301.37
304.508
307.647
310.786
313.924
317.063
320.202
323.341
326.479
300.573
302.622
285.448
268.927
270.461
258.26
253.863
249.466
245.069
240.673
236.276
231.88
227.483
223.086
218.69
214.294
209.896
205.501
201.104
196.707
192.31
187.913
183.517
179.121
174.724
170.327
165.93
161.535
157.138
152.741
148.344
143.948
139.552
135.154
130.758
126.361
121.965
117.568
113.172
108.775
104.378
99.9818
95.5856
91.1887
86.7925
82.3953
77.9991
73.6021
69.2058
64.809
60.4126
56.0162
51.6191
47.223
42.8264
38.4295
34.033
29.6365
25.2399
20.8432
16.4467
12.0503
7.65379
34.3123
31.0795
48.4028
65.0264
62.3451
74.3509
78.0109
81.6714
85.3314
88.9916
92.6519
96.312
99.9721
103.632
107.292
110.953
114.613
118.273
121.933
125.593
129.254
132.914
136.574
140.234
143.894
147.554
151.215
154.875
158.535
162.195
165.855
169.515
173.176
176.836
180.496
184.156
187.816
191.477
195.136
198.797
202.457
206.117
209.778
213.437
217.097
220.758
224.417
228.078
231.739
235.398
239.059
242.719
246.38
235.488
238.603
232.086
225.897
228.754
224.728
224.614
224.498
224.383
224.268
224.153
224.038
223.924
223.808
223.694
223.578
223.464
223.349
223.234
223.119
223.004
222.888
222.774
222.659
222.544
222.429
222.314
222.2
222.084
221.969
221.855
221.739
221.625
221.51
221.395
221.281
221.164
221.051
220.935
220.82
220.705
220.59
220.475
220.361
220.245
220.131
220.016
219.9
219.786
219.671
219.556
219.441
219.326
219.211
219.096
218.981
218.866
218.751
218.636
218.521
218.407
218.291
218.177
218.062
217.947
217.832
217.716
217.601
217.487
217.372
217.257
217.142
217.027
216.912
216.797
216.683
216.567
216.452
216.338
216.222
216.108
215.993
215.878
215.763
215.648
215.533
215.418
214.981
214.854
214.513
214.18
214.048
213.762
213.564
213.365
213.167
212.968
212.769
212.571
212.372
212.173
211.975
211.776
211.578
211.379
211.181
210.983
210.784
210.585
210.386
210.188
209.989
209.79
209.592
209.394
209.195
208.996
208.798
208.599
208.4
208.202
208.004
207.806
207.607
207.408
207.21
207.011
206.812
206.614
206.415
206.216
206.018
205.819
205.621
205.422
205.224
205.025
204.826
204.628
204.429
204.231
204.032
203.833
203.635
203.437
203.238
203.039
202.841
202.642
202.444
202.245
202.047
201.848
201.649
201.45
201.253
201.053
200.855
200.657
200.458
200.259
200.061
199.862
199.664
199.465
199.267
199.068
198.869
198.671
198.472
198.274
198.075
197.876
197.678
197.48
197.281
197.082
196.884
196.685
196.486
196.288
196.089
195.89
195.692
195.493
195.295
195.096
194.898
194.7
194.501
194.302
194.104
193.905
193.707
193.509
193.31
193.111
192.912
192.714
192.515
192.316
192.118
191.919
191.721
191.522
191.324
191.125
190.927
190.728
190.529
190.331
190.132
189.934
189.736
189.537
189.338
189.14
188.941
188.742
188.544
188.345
188.146
187.948
187.75
187.551
187.353
187.154
186.955
190.52
190.462
192.896
195.244
195.254
197.043
197.82
198.599
199.376
200.154
200.931
201.708
202.487
203.264
204.042
204.82
205.597
206.376
207.153
207.931
208.709
209.486
210.264
211.042
211.82
212.597
213.375
214.153
214.931
215.708
216.486
217.264
218.042
218.819
219.596
220.374
221.152
221.93
222.708
223.486
224.263
225.041
225.819
226.596
227.375
228.152
228.93
229.708
230.485
231.263
232.04
232.819
233.596
234.374
235.151
235.929
236.707
237.484
238.262
239.04
239.818
240.596
241.374
242.152
242.929
243.707
244.485
245.262
246.04
246.818
247.595
248.373
249.151
249.929
250.706
251.485
252.261
253.04
253.818
254.595
255.373
256.15
256.928
257.706
258.484
259.262
260.039
260.817
261.594
262.372
263.15
263.928
264.706
265.484
266.261
267.039
267.817
268.594
269.372
270.149
270.928
271.705
272.483
273.26
274.039
274.816
275.594
276.372
277.149
277.927
278.705
279.482
280.261
281.038
281.816
282.594
283.371
284.149
284.927
285.705
286.482
287.26
288.038
288.815
289.593
290.371
291.149
291.926
292.704
293.482
294.26
295.038
295.816
296.593
297.371
298.148
298.926
299.704
300.481
301.261
302.037
302.814
303.592
304.37
305.148
305.925
306.704
307.481
308.259
309.036
309.815
310.592
311.369
312.147
312.926
313.703
314.481
315.259
316.037
316.813
317.592
318.37
319.707
320.506
321.675
322.832
323.641
324.714
325.637
326.56
327.484
328.407
329.329
330.253
331.176
332.098
333.022
333.944
334.868
335.791
336.714
337.637
338.559
339.483
340.406
341.329
342.252
343.175
344.098
345.021
345.944
346.867
347.79
348.714
349.637
350.558
351.483
352.406
353.328
354.252
355.175
356.098
357.02
357.943
358.866
359.789
360.712
361.636
362.557
363.481
364.405
365.328
366.251
367.174
368.097
369.019
369.942
370.866
371.789
372.712
373.636
374.558
375.48
376.404
377.326
378.25
379.172
380.096
381.02
381.942
382.865
383.787
384.71
385.635
386.558
387.481
388.404
389.325
390.249
391.173
392.095
393.017
393.942
394.866
395.786
396.711
397.634
398.557
399.48
400.402
401.326
402.248
403.172
404.095
405.018
405.941
406.864
407.786
408.709
409.633
410.556
411.479
412.403
413.325
414.248
415.171
416.094
417.016
417.94
418.862
419.786
420.709
421.633
422.555
423.478
424.4
425.324
426.248
427.171
428.093
429.016
429.94
430.863
431.785
432.709
433.631
434.553
435.479
436.4
437.323
438.248
439.17
412.553
412.444
394.105
376.386
375.789
362.165
355.942
349.721
343.5
337.277
331.056
324.833
318.612
312.392
306.167
299.948
293.726
287.503
281.281
275.059
268.837
262.615
256.394
250.171
243.949
237.727
231.506
225.284
219.063
212.84
206.619
200.396
194.174
187.952
181.731
175.509
169.287
163.065
156.843
150.621
144.399
138.178
131.956
125.734
119.512
113.29
107.068
100.846
94.6244
88.4022
82.1803
75.9585
69.7368
63.5148
87.8027
82.7239
97.8404
112.27
107.733
117.625
119.318
121.012
122.705
124.398
126.092
127.785
129.478
131.172
132.865
134.559
136.252
137.945
139.638
141.332
143.025
144.718
146.412
148.105
149.798
151.492
153.185
154.879
156.571
158.265
159.958
161.652
163.345
165.038
166.732
168.425
170.119
171.812
173.505
175.199
176.892
178.585
180.279
181.972
183.665
185.358
187.052
188.745
190.439
192.132
193.826
195.519
197.212
198.905
200.599
202.292
203.985
205.678
207.372
209.066
210.759
212.452
214.145
215.839
217.532
219.225
220.919
222.612
224.306
225.999
227.691
229.385
231.079
232.772
234.465
236.159
237.852
239.546
241.239
242.932
244.625
246.319
248.012
249.705
251.399
253.092
254.785
256.479
258.173
259.866
261.558
263.253
264.946
266.639
268.332
270.025
271.719
273.413
275.106
276.799
278.492
280.186
281.88
283.573
285.266
286.959
288.653
290.345
292.04
293.732
295.427
297.119
298.813
300.506
302.2
303.892
305.586
307.28
308.972
310.666
312.359
314.053
315.746
317.439
319.132
320.827
322.519
324.212
325.906
327.599
329.293
330.986
332.68
334.372
336.066
337.759
339.453
333.303
334.703
330.91
327.294
328.554
326.106
325.764
325.423
325.081
324.739
324.398
324.056
323.715
323.374
323.033
322.691
322.349
322.008
321.666
321.325
320.984
320.642
320.301
319.96
319.619
319.276
318.936
318.594
318.252
317.911
317.569
317.228
316.887
316.545
316.203
315.863
315.521
315.179
314.838
314.497
314.155
296.143
295.14
282.44
270.139
268.821
259.147
254.221
249.296
244.37
239.444
234.518
229.593
224.667
219.742
214.815
209.889
204.964
200.038
195.113
190.187
185.262
180.336
175.411
170.485
165.559
160.633
155.708
154.559
149.775
147.491
145.122
140.405
137.475
133.529
129.583
125.637
121.692
117.746
113.8
109.854
105.909
101.963
98.0175
94.0716
90.1253
86.1797
82.2344
78.2886
74.3428
70.3967
66.4512
62.5056
58.5601
54.614
50.6684
46.7226
42.777
38.831
34.8852
30.9398
26.994
23.0483
19.1025
15.1568
44.512
41.8142
61.1588
79.7532
77.6468
91.2896
95.9831
100.677
105.37
110.064
114.758
119.451
124.145
128.838
133.532
138.226
142.919
147.613
152.306
157.0
161.694
166.387
171.081
175.775
180.468
185.162
189.856
194.549
199.243
203.936
208.63
213.324
218.018
222.711
227.405
232.098
236.792
241.485
246.179
250.873
255.566
260.26
264.953
269.647
274.341
279.034
283.728
288.421
293.116
282.573
286.696
280.732
275.113
278.965
275.611
276.351
277.092
277.832
278.574
279.315
280.054
280.796
281.535
282.277
283.018
283.758
284.499
285.24
285.981
286.721
287.462
288.203
288.944
289.683
290.425
291.166
291.906
292.647
293.388
294.128
294.869
295.611
296.35
297.092
297.832
298.572
299.313
300.053
300.794
301.535
302.276
303.016
303.757
304.498
305.238
305.979
306.72
307.46
308.202
308.942
309.683
310.423
311.164
311.905
312.645
313.387
314.127
314.868
315.61
316.349
317.09
317.83
318.572
319.312
320.052
320.793
321.534
322.275
323.015
323.756
324.497
325.238
325.978
326.719
327.459
328.201
328.94
329.681
330.422
331.163
331.904
332.645
333.385
334.126
334.867
335.608
336.348
337.089
337.83
338.57
339.312
340.051
340.791
341.533
342.274
343.014
343.755
344.496
345.236
345.977
346.718
347.459
348.199
348.94
349.681
350.421
351.163
350.059
350.73
350.182
349.675
350.315
350.082
350.344
350.607
350.869
351.132
351.395
351.657
351.919
352.182
352.445
352.705
352.969
353.231
353.494
353.756
354.019
354.282
354.544
354.806
355.069
355.331
355.594
355.857
356.117
356.382
356.644
356.907
357.169
357.431
357.694
357.956
358.219
358.48
358.743
359.005
359.269
359.531
359.794
360.057
360.319
360.581
360.843
361.107
361.368
361.632
361.893
362.156
362.418
362.681
362.943
363.206
363.468
363.731
363.993
364.255
364.518
364.78
365.044
365.306
365.568
365.831
366.094
366.356
366.618
366.88
367.143
367.406
367.669
367.93
368.192
368.455
368.718
368.981
369.243
369.506
360.744
360.666
354.619
348.772
348.537
344.032
341.953
339.874
337.796
335.717
333.639
331.559
329.481
327.402
325.322
323.243
321.165
319.086
317.007
314.929
312.849
310.771
308.691
306.613
304.534
302.455
300.377
298.298
296.219
294.141
292.061
289.983
287.904
285.825
283.745
281.667
279.588
277.509
266.304
263.883
255.421
247.165
244.582
237.683
233.236
228.79
224.343
219.897
215.45
211.003
206.557
202.111
197.664
193.217
188.77
184.324
179.877
175.431
170.984
166.538
162.091
157.644
153.198
148.751
144.305
139.858
135.412
130.965
126.518
122.072
117.625
113.179
108.732
104.285
99.8391
95.3926
90.9458
86.4989
82.0532
77.606
73.1597
68.7133
64.2666
59.8198
55.3734
72.0415
68.3859
78.7066
88.5515
85.2712
91.9765
93.0079
94.0388
95.0701
96.1014
97.1326
98.1637
99.1949
100.226
101.257
102.289
103.32
104.351
105.382
106.413
107.444
108.476
109.507
110.538
111.569
112.6
113.632
114.663
115.694
116.725
117.756
118.788
119.819
120.85
121.881
122.912
123.943
124.974
126.006
127.037
128.068
129.1
130.131
131.162
132.193
133.224
134.256
135.286
136.318
137.349
138.38
139.412
140.443
141.474
142.505
143.536
144.567
145.599
146.629
147.661
148.692
149.723
150.754
151.786
152.817
153.848
154.879
155.91
156.942
157.973
159.004
160.036
161.066
162.098
163.129
164.161
165.191
166.223
167.254
168.285
169.317
170.347
171.379
172.41
173.441
174.472
175.503
176.534
177.565
178.596
179.628
180.66
181.69
182.722
183.753
184.784
187.599
188.697
190.976
193.214
194.343
196.317
197.81
199.305
200.799
202.292
203.786
205.28
206.774
208.268
209.762
211.255
212.749
214.243
215.737
217.231
218.725
220.219
221.713
223.207
224.701
226.195
227.689
229.182
230.676
232.17
233.664
235.158
236.652
238.146
239.639
241.133
242.628
244.121
245.615
247.109
248.604
250.097
251.59
253.085
254.579
256.073
257.566
259.061
260.554
262.048
263.542
265.036
266.53
268.023
269.517
271.011
272.505
273.999
275.493
276.987
278.48
279.975
281.469
282.962
284.457
285.95
287.445
288.938
290.433
291.926
293.42
294.914
296.408
297.901
299.395
300.888
302.384
303.878
305.371
306.865
308.359
309.852
311.347
296.345
297.221
287.178
277.506
278.089
270.87
268.085
265.3
262.516
259.73
256.943
254.158
251.373
248.587
245.801
243.015
240.23
237.444
234.658
231.874
229.088
226.302
223.517
220.731
217.945
215.159
212.374
209.589
206.802
204.017
201.232
198.446
195.66
192.875
190.089
187.304
184.518
181.732
178.948
176.161
173.377
170.59
167.805
165.019
162.234
159.449
156.663
153.877
151.092
148.306
145.521
142.735
139.949
137.164
