160.357
160.124
159.89
159.656
159.423
159.188
158.955
158.721
158.487
158.253
158.019
157.785
157.552
157.318
157.084
156.85
156.616
156.383
156.149
155.915
155.681
155.447
155.213
154.979
154.745
154.512
154.278
154.044
153.81
153.577
153.343
153.109
152.875
152.641
152.407
152.173
151.94
151.706
151.472
151.238
151.004
150.77
150.537
150.303
150.069
149.835
149.601
149.367
149.133
148.9
148.666
148.432
148.199
147.965
147.731
147.497
147.263
147.029
146.795
146.562
146.327
146.094
145.86
145.625
145.393
145.158
144.924
144.691
144.457
144.223
143.989
143.756
143.522
143.288
143.054
142.82
142.586
142.352
142.119
141.885
141.651
141.417
141.183
140.949
140.715
140.482
140.248
140.014
139.78
139.546
139.313
139.079
138.845
138.611
138.377
138.143
137.91
137.675
137.442
137.208
136.974
136.741
136.507
136.273
136.039
135.805
135.571
135.337
135.104
134.87
134.636
134.402
134.168
133.934
133.701
133.467
133.233
132.999
132.765
132.531
132.298
132.064
131.83
131.596
131.362
131.129
130.895
130.661
130.427
130.193
129.959
129.725
129.492
129.258
129.024
128.79
128.557
128.322
128.089
127.855
127.621
127.387
127.153
126.919
126.686
126.452
126.218
125.984
125.751
125.517
125.283
125.049
124.815
124.581
124.348
124.113
123.879
123.646
123.412
123.178
122.945
122.71
122.476
122.243
122.009
121.775
121.542
121.307
121.074
120.84
120.606
120.372
120.138
119.904
119.67
119.437
119.203
118.969
118.736
118.502
118.267
118.034
117.8
117.566
117.332
117.098
116.864
116.631
116.397
116.163
115.929
115.695
115.462
115.228
114.994
114.76
114.526
114.292
114.058
113.825
113.591
113.357
113.123
112.889
112.656
112.422
112.188
111.954
111.72
111.486
111.252
111.019
110.785
110.551
110.317
110.083
109.849
109.616
109.382
109.148
108.914
108.68
108.446
108.213
107.979
107.745
107.511
107.278
107.044
106.81
106.576
106.342
106.108
105.875
105.641
105.407
105.173
104.939
104.705
104.472
104.238
104.004
103.77
103.536
103.302
103.068
102.834
102.601
102.367
102.133
101.899
101.665
101.432
101.198
100.964
100.73
100.496
100.262
100.029
99.7949
99.5607
99.3269
99.0932
98.8592
98.6257
98.392
98.1578
97.9239
97.6905
97.4565
97.2227
96.9887
96.7547
96.5209
96.2873
96.0535
95.8193
95.5859
95.3519
95.1182
94.8845
94.6505
94.4166
94.1824
93.9489
93.715
93.4812
93.2475
93.0137
92.7796
92.5459
92.3123
92.0784
91.8444
91.6106
91.3768
91.1429
90.909
90.6753
90.4412
90.2075
89.9741
89.7401
89.5061
89.2723
89.0382
88.8047
88.571
88.3369
88.1033
87.8695
87.6353
87.4017
87.1677
86.934
86.7
86.4663
86.2324
85.9988
85.7646
87.8066
87.6581
89.0152
90.322
90.2136
91.1818
91.5382
91.8947
92.2513
92.608
92.9643
93.3209
93.6772
94.0337
94.3904
94.7468
95.1033
95.4596
95.8162
96.1726
96.5294
96.8857
97.2422
97.5987
97.9552
98.3114
98.6684
99.0246
99.3816
99.7377
100.094
100.451
100.807
101.163
101.521
101.877
102.233
102.59
102.946
103.303
103.659
104.016
104.372
104.729
105.085
105.442
105.798
106.155
106.511
106.868
107.224
107.581
107.937
108.294
108.65
109.007
109.363
109.72
110.076
110.433
110.789
111.146
111.502
111.859
112.215
112.572
112.928
113.285
113.641
113.998
114.354
114.711
115.067
115.424
115.78
116.137
116.494
116.85
117.206
117.563
117.92
118.276
118.632
118.989
119.345
119.702
120.058
120.415
120.771
121.128
121.484
121.841
122.197
122.554
122.91
123.267
123.623
123.98
124.336
124.693
125.05
125.406
125.762
126.119
126.475
126.832
127.188
127.545
127.901
128.258
128.615
128.97
129.328
129.684
130.041
126.82
127.043
124.898
122.833
122.992
121.46
120.888
120.317
119.746
119.174
118.603
118.032
117.46
116.889
116.317
115.746
115.175
114.603
114.031
113.46
112.889
112.317
111.746
111.175
110.603
110.032
109.461
108.889
108.318
107.746
107.175
106.604
106.032
105.461
104.889
104.318
103.746
103.175
102.603
102.032
101.461
100.889
100.318
99.7467
99.1755
98.6038
98.0324
97.4612
96.8898
96.3183
95.7469
95.1756
94.6041
94.0326
93.4613
92.8898
92.3183
91.747
91.1759
90.6041
90.0328
89.4616
88.89
88.3187
87.7472
87.176
86.6045
86.0333
85.4616
84.8904
84.319
83.7473
83.176
82.6049
82.0333
81.4621
80.8905
80.3194
79.7479
79.1764
78.6048
78.0336
77.4622
76.8909
76.3195
75.7479
75.1766
74.6052
74.0337
73.4623
72.8909
72.3196
71.7481
71.1768
70.6054
70.0341
69.4625
68.8911
68.3199
67.7485
67.1769
66.6057
66.0342
65.4632
64.8916
64.3201
63.7486
63.1775
62.6059
62.0346
61.4632
60.8917
60.3204
59.7488
59.1773
58.606
58.0346
57.4635
56.8919
56.3206
55.7491
55.1778
54.6064
54.0349
53.4636
52.8922
63.3708
63.2134
70.3701
77.2782
77.3172
82.582
84.8771
87.1726
89.4679
91.7634
94.0584
96.3538
98.6493
100.944
103.24
105.535
107.83
110.126
112.421
114.716
117.012
119.307
121.603
123.898
126.193
128.489
130.784
133.079
135.375
137.67
139.965
142.26
144.556
146.851
149.147
151.442
153.737
156.033
158.328
160.623
162.918
165.214
167.509
169.804
159.944
161.784
155.577
149.645
151.269
147.144
146.285
145.427
144.569
143.711
142.852
141.994
141.136
140.278
139.419
138.561
137.703
136.844
135.986
135.128
134.27
133.411
132.553
131.695
130.837
129.978
129.12
128.261
127.403
126.544
125.687
124.829
123.97
123.112
122.254
121.395
120.537
119.678
118.82
117.962
117.104
116.246
115.387
114.529
113.671
112.812
111.954
111.096
110.237
109.38
108.521
107.662
106.805
105.946
105.088
104.229
103.371
102.513
101.655
100.796
99.9382
99.0801
98.2216
97.3635
96.505
95.6467
94.7884
93.9299
93.0717
92.2137
91.3552
90.4968
89.6385
88.7805
87.9218
87.0641
86.2057
85.3473
84.4891
83.6309
82.7722
81.9143
81.0558
80.1976
79.3392
78.4812
77.6229
76.7643
75.9061
75.048
74.1896
73.3314
72.4729
71.6146
70.7566
69.8981
69.0396
68.1816
67.3233
66.4651
65.6066
64.7485
63.8901
63.0317
62.1737
61.3153
60.4571
59.5988
58.7402
57.8823
57.024
56.1656
55.3073
54.4488
53.5907
52.7324
51.8741
51.0157
50.1576
49.2992
51.7911
51.0586
52.5432
53.9527
53.2794
54.1906
54.2014
54.2124
54.2232
54.234
54.2448
54.2559
54.2668
54.2775
54.2884
54.2992
54.3102
54.321
54.332
54.3428
54.3535
54.3645
54.3753
54.3862
54.397
54.408
54.4189
54.4297
54.4407
54.4514
54.4623
54.4732
54.4842
54.495
54.5058
54.5166
54.5274
54.5384
54.5492
54.5601
54.5709
54.5819
54.5928
54.6035
54.6147
54.6254
54.6362
54.6471
54.6579
54.6687
54.6796
54.6907
54.7013
54.7124
54.7231
54.7342
54.7449
54.7557
54.7666
54.7775
54.7883
54.7992
54.8101
54.8209
54.8318
54.8426
54.8535
54.8645
54.8753
54.8862
54.897
54.908
54.9188
54.9298
54.9405
54.9512
54.9623
54.9733
54.9841
54.9949
55.0058
55.0168
55.0275
55.0383
55.0491
55.0602
55.0709
55.0819
55.0927
55.1037
55.1145
55.1254
55.1363
55.1471
55.1579
55.1687
55.1797
55.1906
55.2015
55.2126
55.2232
55.234
55.2448
55.2558
55.2665
55.2774
55.2885
55.2993
55.3102
55.3209
55.3319
55.3429
55.3536
55.3646
55.3753
55.3862
55.3971
55.4079
55.4188
55.4296
55.4405
55.4514
55.4623
55.4731
55.4841
55.4948
55.5056
55.5165
55.5275
55.5385
55.5491
55.5601
55.571
55.5818
55.5927
55.6035
55.6145
55.6253
55.6363
55.6471
55.658
55.6687
55.6798
55.6904
55.7013
55.7122
55.7231
55.734
55.7449
55.7557
55.7666
55.7774
55.7882
55.799
55.8102
55.8209
55.8319
55.8427
55.8537
55.8643
55.8754
55.8861
55.897
55.9079
55.9188
55.9297
55.9404
55.9514
55.9622
55.973
55.9841
55.9948
56.0057
56.0165
56.0275
56.0382
56.0493
56.0602
56.0709
56.0819
56.0926
56.1035
56.1144
56.1255
66.3233
66.7157
73.8513
80.7573
81.3308
86.7219
89.3759
92.0296
94.6832
97.3368
99.9906
102.644
105.298
107.952
110.606
113.259
115.913
118.566
121.22
123.874
126.528
129.181
131.835
134.489
137.142
139.796
142.45
145.103
147.757
150.411
153.065
155.718
158.372
161.026
163.679
166.333
168.987
171.641
174.294
176.948
179.601
182.255
184.909
187.563
190.216
192.87
195.524
198.177
200.831
203.485
206.138
208.792
211.446
214.1
216.753
219.407
222.061
224.714
227.368
230.022
232.675
235.33
237.983
240.637
243.291
245.944
248.598
251.251
253.905
256.559
259.213
261.866
264.52
267.174
269.828
272.482
275.135
277.789
280.442
283.097
285.75
288.403
291.057
293.712
296.364
299.018
301.673
304.326
306.979
309.634
312.286
314.942
317.594
320.249
322.902
325.555
328.209
330.862
333.517
336.17
338.824
341.478
344.131
346.786
334.874
336.982
329.449
322.243
324.094
319.054
317.929
316.804
315.679
314.554
313.429
312.305
311.179
310.054
308.93
307.804
306.679
305.555
304.43
303.305
302.18
301.055
299.93
298.805
297.68
296.556
295.431
294.305
293.18
292.056
290.93
289.806
288.681
287.556
286.431
285.307
284.181
283.056
281.931
280.806
279.681
278.557
277.431
276.306
275.181
274.056
272.932
271.807
270.682
269.557
268.432
267.307
266.182
265.057
263.932
262.807
261.682
260.558
259.432
258.307
257.182
256.058
254.932
253.807
252.682
251.557
250.433
249.308
248.183
247.058
245.934
244.808
243.683
242.558
241.434
240.308
239.183
238.058
236.934
235.809
234.684
233.559
232.434
231.308
230.184
229.059
227.934
226.809
225.684
224.559
223.434
222.309
221.184
220.059
218.935
217.809
216.685
215.56
214.435
213.309
212.185
211.06
209.935
208.81
207.685
206.56
205.435
204.31
203.185
202.06
200.936
199.81
198.686
197.561
196.435
195.311
194.186
193.06
191.936
190.811
189.686
188.561
187.436
186.311
185.187
184.061
182.936
181.812
180.687
179.561
178.437
177.312
176.187
175.061
173.937
172.812
177.433
176.523
179.416
182.181
181.373
183.283
183.649
184.014
184.38
184.745
185.111
185.477
185.843
186.208
186.574
186.94
187.306
187.672
188.037
188.403
188.768
189.135
189.5
189.865
190.231
190.597
190.962
191.329
191.694
192.06
192.425
192.791
193.156
193.523
193.888
194.253
194.619
194.985
195.351
195.716
196.083
196.448
196.814
197.18
197.545
197.911
198.276
198.642
199.008
199.374
199.739
200.105
200.471
200.837
201.202
201.568
201.933
202.299
202.665
203.031
203.397
203.762
204.128
204.493
204.859
205.225
205.59
205.956
206.322
206.688
207.054
207.419
207.785
208.15
208.516
208.882
209.248
209.613
209.979
210.344
210.71
211.076
211.442
211.807
212.173
212.538
212.904
213.271
213.636
214.001
214.367
214.733
215.098
215.464
215.83
216.195
216.561
216.927
217.293
217.658
218.024
218.39
218.755
219.121
219.487
219.853
220.218
220.584
220.949
221.316
221.68
222.047
222.412
222.778
223.144
223.509
223.874
224.241
224.606
224.972
225.338
225.704
226.07
226.435
226.801
227.166
227.532
227.897
228.263
228.629
228.995
229.36
229.726
230.092
230.458
230.824
231.189
231.555
231.921
232.286
232.651
233.018
233.383
233.748
234.114
234.48
234.846
235.211
235.577
235.943
236.308
236.674
237.04
237.406
237.772
238.137
238.503
238.868
239.235
239.6
239.966
240.331
240.697
241.062
241.429
241.794
242.16
242.525
242.891
243.257
243.623
243.988
244.354
244.72
245.086
243.159
243.439
242.201
241.015
241.254
240.409
240.18
239.951
239.722
239.493
239.264
239.035
238.806
238.577
238.348
238.119
237.89
237.661
237.432
237.203
236.974
236.744
236.516
236.287
236.058
235.829
235.6
235.371
235.142
234.913
234.684
234.455
234.225
233.997
233.768
233.539
233.31
233.081
232.851
232.623
232.393
232.165
231.935
231.707
231.478
231.249
231.019
230.79
230.561
230.333
230.103
229.875
229.645
229.417
229.188
228.958
228.73
228.501
228.272
228.042
227.813
227.585
227.355
227.127
226.897
226.668
226.439
226.21
225.981
225.752
225.524
225.294
225.065
224.837
224.607
224.379
224.149
223.92
223.691
223.462
223.233
223.004
222.776
222.546
222.318
222.088
221.859
221.63
221.4
221.172
220.943
220.715
220.485
220.256
220.027
219.798
219.569
219.34
219.111
218.882
218.653
218.424
218.194
217.966
217.737
217.508
217.279
217.049
216.821
216.592
216.363
216.134
215.904
215.676
215.446
215.218
214.988
214.759
214.531
214.301
214.072
213.843
213.615
213.385
213.157
212.927
212.698
212.47
212.24
212.012
211.783
211.553
211.324
211.096
210.867
210.637
210.408
210.18
209.95
209.721
209.492
209.263
209.034
208.805
208.576
208.347
208.118
207.889
207.661
207.431
207.202
206.973
206.744
206.515
206.287
206.057
205.828
205.598
205.37
205.14
204.913
204.684
204.454
204.225
203.996
203.767
203.538
203.309
203.08
202.851
202.622
202.393
202.164
201.935
201.706
201.477
201.248
201.019
200.79
200.561
200.332
200.103
199.874
199.644
199.416
199.187
198.958
198.728
198.499
198.27
198.042
197.813
197.584
197.355
197.126
196.896
196.668
196.439
196.209
195.981
195.752
195.522
195.293
195.065
194.835
194.607
194.378
194.148
193.919
193.691
193.462
193.232
193.004
192.774
192.545
192.317
192.087
191.859
191.629
191.4
191.172
190.942
190.713
190.484
190.255
190.026
189.797
189.568
189.339
189.111
188.881
188.652
188.423
188.194
187.965
187.736
187.508
187.278
187.049
186.82
186.591
186.362
186.133
185.904
185.675
185.446
185.217
184.988
184.758
184.53
184.301
184.072
183.843
183.614
183.385
183.156
182.927
182.697
182.469
182.239
182.01
181.782
181.553
181.324
181.095
180.866
180.637
180.408
180.179
179.95
179.721
179.491
179.263
179.034
178.804
178.576
178.347
178.117
177.888
177.66
177.43
177.201
176.972
176.743
176.514
176.286
176.057
175.827
175.599
175.37
175.141
174.911
174.682
174.454
174.224
173.995
173.766
173.537
173.308
173.079
172.85
172.621
172.392
172.163
171.934
171.705
171.476
171.247
171.018
170.789
170.56
170.331
170.102
169.873
169.644
169.415
169.186
168.958
168.728
168.499
168.271
168.041
167.812
167.583
167.354
167.125
166.896
166.668
166.438
166.209
165.98
165.751
165.522
165.293
165.064
164.835
164.606
164.378
164.148
163.919
163.69
163.461
163.232
163.003
162.774
162.545
162.316
162.087
161.857
161.629
161.4
161.171
160.942
160.712
160.484
160.255
160.026
159.797
159.568
159.338
159.11
158.881
158.651
158.422
158.194
157.964
157.735
157.507
157.277
157.048
156.82
156.59
156.362
156.133
155.903
155.674
155.445
155.216
154.987
154.759
154.529
154.3
154.072
153.842
153.613
153.384
153.155
152.926
152.697
152.468
152.239
152.01
151.781
151.552
151.323
151.094
150.865
150.636
150.407
150.178
149.949
149.72
149.491
149.262
149.033
148.804
148.575
148.346
148.117
147.888
147.659
147.43
147.201
146.972
146.743
146.514
146.285
146.056
145.826
145.598
145.368
145.14
144.911
144.682
144.453
144.224
143.995
143.766
143.537
143.308
143.079
142.849
142.621
142.391
142.162
141.933
141.705
141.475
141.247
141.018
140.789
140.028
139.779
139.178
138.589
138.331
137.821
137.454
137.087
136.72
136.353
135.986
135.619
135.252
134.885
134.518
134.151
133.784
133.418
133.051
132.683
132.317
131.95
131.583
131.216
130.849
130.482
130.115
129.748
129.381
129.014
128.648
128.28
127.913
127.546
127.179
126.812
126.445
126.078
125.712
125.345
124.978
124.611
124.244
123.877
123.51
123.143
122.776
122.409
122.042
121.675
121.308
120.941
120.574
120.207
119.84
119.473
119.107
118.739
118.372
118.006
117.639
117.271
116.905
116.537
116.171
115.804
115.437
115.07
114.703
114.336
113.969
113.602
113.235
112.868
112.501
112.134
111.767
111.4
111.034
110.666
110.299
109.933
109.566
109.199
108.832
108.464
108.098
107.731
107.364
106.997
106.63
106.263
105.896
105.529
105.162
104.795
104.428
104.061
103.694
103.327
102.96
102.593
102.227
101.86
101.492
101.126
100.759
100.392
100.025
100.781
100.455
100.874
101.266
100.961
101.187
101.111
101.036
100.96
100.884
100.809
100.732
100.657
100.581
100.505
100.43
100.354
100.278
100.202
100.127
100.051
99.9751
99.8997
99.8237
99.7479
99.672
99.5965
99.5206
99.4448
99.3691
99.2934
99.2179
99.1418
99.0661
98.9902
98.9143
98.8387
98.7634
98.6873
98.6119
98.5359
98.4601
98.3844
98.3085
98.2328
98.157
98.0815
98.0053
97.9299
97.8538
97.7784
97.7022
97.6268
97.5511
97.4749
97.3997
97.3239
97.2479
97.1721
97.0965
97.0208
96.9451
96.8691
96.7935
96.7176
96.6418
96.5659
96.4905
96.4148
96.3391
96.2632
96.1875
96.1117
96.0358
95.9602
95.8844
95.8086
95.733
95.6572
95.5815
95.5057
95.4296
95.3541
95.2784
95.2026
95.127
95.0509
94.9754
94.8994
94.824
94.7479
94.6724
94.5968
94.5209
94.4451
94.3692
94.2934
94.2179
94.1422
94.0665
93.9905
93.915
93.839
93.7633
93.6872
93.612
93.5362
93.4603
93.3846
93.3089
93.2329
93.1573
93.0814
93.006
92.93
92.8543
92.7783
92.703
92.6269
92.5513
92.4758
92.3999
92.3242
92.2483
92.1724
92.0968
92.0209
91.9454
91.8695
91.7939
91.7179
91.6424
112.264
112.964
127.364
141.297
142.364
153.221
158.514
163.808
169.102
174.396
179.69
184.983
190.277
195.571
200.865
206.158
211.453
216.746
222.04
227.334
232.628
237.922
243.216
248.509
253.804
259.097
264.391
269.684
274.979
280.273
285.566
290.86
296.154
301.448
283.374
287.792
276.743
266.219
270.222
263.174
262.407
261.637
260.869
260.1
259.332
258.564
257.795
257.026
256.257
255.489
254.72
253.952
253.183
252.414
251.646
250.878
250.109
249.341
248.572
247.803
247.035
246.266
245.497
244.729
243.961
243.192
242.424
241.655
240.886
240.118
239.349
238.58
237.812
237.043
236.276
235.506
234.738
233.969
233.201
232.432
231.664
230.895
230.127
229.358
228.589
227.821
227.053
226.284
225.515
224.747
223.979
223.21
222.441
221.673
220.904
220.135
219.367
218.599
217.829
217.061
216.292
215.525
214.756
213.987
213.218
212.45
211.681
210.912
210.144
209.376
208.607
207.839
207.07
206.302
205.533
204.765
203.996
203.227
202.458
201.69
200.922
200.152
199.385
198.616
197.847
197.079
196.31
195.541
194.773
194.005
193.236
192.468
191.699
190.93
190.162
189.393
188.625
187.857
187.088
186.319
185.55
184.782
184.014
183.245
182.476
181.708
180.939
180.171
179.402
178.633
177.865
177.096
176.328
175.559
174.791
175.664
174.958
175.337
175.68
175.002
175.1
174.759
174.416
174.074
173.731
173.388
173.046
172.703
172.361
172.018
171.676
171.333
170.991
170.648
170.305
169.962
169.62
169.278
168.935
168.592
168.25
167.908
167.565
167.222
166.88
166.537
166.195
165.853
165.509
165.167
164.825
164.482
164.14
163.797
163.454
163.112
162.769
162.427
162.084
161.742
161.4
161.057
160.714
160.372
160.029
159.687
159.344
159.001
158.659
158.316
157.974
157.631
157.289
156.946
156.604
156.261
155.919
155.576
155.234
154.891
154.549
154.206
153.864
153.521
153.178
152.836
152.493
152.151
151.808
151.465
151.123
150.78
150.437
150.095
149.753
149.41
149.067
148.725
148.383
148.04
147.698
147.355
147.012
146.67
146.327
145.985
145.642
145.3
144.957
144.614
144.272
143.929
143.587
143.244
142.902
142.56
142.216
141.875
141.531
141.189
140.846
140.504
140.161
139.819
139.476
139.134
138.792
138.448
138.106
137.763
137.421
137.079
136.736
136.393
136.051
135.709
135.366
135.024
134.681
134.338
133.996
133.653
133.31
132.968
132.626
132.283
131.941
131.598
131.255
130.913
130.57
130.228
129.885
129.543
129.2
128.857
128.515
128.172
127.83
127.487
127.145
126.803
126.46
126.117
125.775
125.432
125.09
124.747
124.405
124.062
123.72
123.377
123.035
122.692
122.349
122.007
121.664
121.322
120.979
120.637
120.294
119.952
119.609
119.266
118.924
118.581
118.239
117.896
117.554
117.211
116.869
116.526
116.184
115.841
115.499
115.156
114.814
114.471
114.129
113.786
113.443
113.101
112.758
112.416
112.073
111.731
111.388
111.046
110.703
110.36
110.018
109.675
109.333
108.99
108.648
108.305
107.963
107.62
107.278
106.935
106.592
106.25
105.907
105.565
105.222
104.88
104.537
104.195
103.852
103.509
103.167
102.825
102.482
102.14
101.797
101.454
101.112
100.769
100.427
100.084
99.7418
99.3995
99.0565
98.7142
98.3711
98.0288
97.6864
97.344
97.0014
96.6587
96.3161
95.9736
95.6314
95.2886
94.9464
94.6035
94.261
93.9183
93.5759
93.2332
92.8909
92.5481
92.2058
91.8634
91.5205
91.178
90.8357
90.493
90.1505
89.8079
89.4655
89.123
88.7804
88.4378
88.0952
87.7527
87.4101
87.0677
86.725
86.3828
86.0401
85.6974
85.3551
85.0122
84.6699
84.3274
83.9848
83.6422
83.2996
82.9572
82.6146
82.272
81.9295
81.587
81.2444
80.9019
80.5594
80.2167
79.8741
79.5317
79.189
78.8465
78.5043
78.1615
78.3573
78.0349
78.0688
78.0908
77.7777
77.7196
77.5167
77.3138
77.1109
76.9082
76.7051
76.5026
76.2994
76.0969
75.8937
75.6908
75.4879
75.2849
75.0823
74.8793
74.6764
74.4734
74.2707
74.0677
73.8648
73.6619
73.4592
73.2562
73.0533
72.8502
72.6475
72.4446
72.2418
72.0391
71.836
71.6329
71.4301
71.2275
71.0245
70.8216
70.6187
70.4157
70.2127
70.0103
69.8071
69.6042
69.4013
69.1984
68.9956
68.7926
68.5898
68.3869
68.1841
67.9812
67.7781
67.5753
67.3725
67.1695
66.9666
66.7638
66.5609
66.358
66.1554
65.9523
65.7493
65.5466
65.3437
65.1406
64.9379
64.7348
64.532
64.3293
64.1264
63.9232
63.7204
63.5174
63.3145
63.1119
62.909
62.706
62.5033
62.3003
62.0973
61.8946
61.6917
61.4888
61.286
61.0829
60.8801
60.677
60.4743
60.2714
60.0685
59.8655
59.6627
59.4597
59.2569
59.054
58.8513
58.6484
58.4453
58.2424
58.0396
57.8368
57.6339
57.431
57.2282
57.0251
56.8224
56.6194
56.4165
56.2136
56.0107
55.8078
55.6049
55.4021
55.1992
54.9963
54.7933
54.5907
54.3877
54.1848
53.982
53.779
53.5761
53.3732
53.1703
52.9674
52.7646
52.5617
52.3587
52.1558
51.9531
51.75
51.5473
51.3443
51.1415
50.9386
82.0837
83.0555
104.777
125.792
127.321
143.675
151.605
159.535
167.464
175.394
183.324
191.254
199.184
207.114
215.043
222.973
230.903
238.832
246.762
254.692
262.622
270.552
278.482
286.412
294.341
302.271
310.201
318.13
326.06
333.991
341.921
349.85
357.78
365.709
373.639
381.57
389.5
397.43
405.359
413.288
421.217
429.148
437.077
404.713
411.131
390.88
371.536
377.238
363.887
361.363
358.838
356.314
353.789
351.266
348.742
346.217
343.694
341.169
338.645
336.121
333.597
331.074
328.548
326.024
323.5
320.976
318.452
315.928
313.404
310.88
308.356
305.831
303.307
300.783
298.26
295.735
293.21
290.687
288.162
285.637
283.113
280.59
278.066
275.542
273.017
270.494
267.969
265.445
262.921
260.397
257.872
255.348
252.825
250.301
247.776
245.252
242.728
240.204
237.679
235.156
232.631
230.107
227.583
225.059
222.535
220.011
217.486
214.962
212.438
209.913
207.39
204.865
202.342
199.818
197.293
194.769
192.245
189.721
187.197
184.673
182.148
179.624
177.1
174.576
172.052
169.527
167.004
164.479
161.955
159.431
156.907
154.383
151.859
149.335
146.811
144.287
141.762
139.238
136.714
134.19
131.666
129.142
126.618
124.094
121.569
119.045
125.517
123.331
127.098
130.663
128.636
130.863
130.673
130.483
130.293
130.103
129.913
129.722
129.532
129.341
129.151
128.961
128.771
128.581
128.39
128.2
128.01
127.82
127.63
127.44
127.25
127.059
126.869
126.679
126.489
126.298
126.108
125.918
125.727
125.537
125.347
125.157
124.967
124.777
124.586
124.396
124.206
124.016
123.825
123.635
123.445
123.254
123.064
122.874
122.684
122.494
122.304
122.114
121.923
121.733
121.543
121.353
121.163
120.973
120.783
120.592
120.402
120.212
120.021
119.831
119.641
119.451
119.261
119.07
118.88
118.69
118.5
118.31
118.119
117.929
117.739
117.549
117.358
117.169
116.978
116.788
116.597
116.408
116.217
116.027
115.837
115.647
115.456
115.266
115.076
114.886
114.696
114.506
114.315
114.125
113.935
113.745
113.554
113.364
113.174
112.984
112.794
112.603
112.413
112.223
112.032
111.842
111.652
111.462
111.272
111.081
110.891
110.701
110.511
110.321
110.13
109.94
109.75
109.56
109.37
109.18
108.99
108.799
108.609
108.419
108.229
108.038
107.848
107.658
107.468
107.278
107.087
106.897
106.707
106.517
106.326
106.136
105.946
105.756
105.566
105.376
105.185
104.995
104.805
104.615
104.424
104.234
104.044
103.854
103.664
103.474
103.283
103.093
102.903
102.713
102.522
102.332
102.142
101.952
101.762
101.572
101.381
101.191
101.001
100.811
100.62
100.43
100.24
100.05
99.8595
99.6694
99.4791
99.2887
99.0988
98.9083
98.7181
98.5284
98.3382
98.1477
97.9575
97.7674
97.577
97.387
97.1968
97.0063
99.1643
99.0626
100.514
101.914
101.853
102.903
103.322
103.741
104.16
104.579
104.999
105.417
105.837
106.256
106.674
107.094
107.513
107.932
108.351
108.77
109.189
109.608
110.027
110.446
110.865
111.284
111.703
112.122
112.541
112.96
113.379
113.798
114.217
114.636
115.055
115.474
115.893
116.312
116.731
117.15
117.569
117.988
118.407
118.826
119.245
119.664
120.083
120.502
120.921
121.341
121.76
122.178
122.598
123.017
123.436
123.854
124.274
124.693
125.111
125.53
125.949
126.369
126.788
127.207
127.626
128.045
128.464
128.883
129.302
129.721
130.14
130.56
130.978
131.397
131.816
132.235
132.654
133.073
133.492
133.911
134.33
134.749
135.168
135.587
136.006
136.425
136.844
137.264
137.682
138.102
138.521
138.94
139.358
139.778
140.197
140.616
141.035
141.454
141.873
142.292
142.711
143.13
143.549
143.968
144.387
141.861
142.17
140.53
138.957
139.213
138.077
137.732
137.387
137.043
136.697
136.353
136.008
135.663
135.319
134.973
134.629
134.284
133.939
133.594
133.249
132.905
132.56
132.215
131.87
131.525
131.18
130.836
130.491
130.146
129.802
129.457
129.112
128.767
128.422
128.077
127.732
127.387
127.043
126.698
126.353
126.008
125.664
125.319
124.974
124.629
124.284
123.94
123.595
123.25
122.905
122.56
122.216
121.871
121.526
121.181
120.836
120.491
120.147
119.802
119.457
119.112
118.767
118.423
118.078
117.733
117.388
117.043
116.699
116.354
116.009
115.664
115.319
114.975
114.63
114.285
113.94
113.595
113.25
112.906
112.56
112.216
111.871
111.526
111.182
110.837
110.492
110.147
109.802
109.458
109.113
108.768
108.423
108.078
107.734
107.389
107.044
106.699
106.354
106.01
105.665
105.32
104.975
104.63
104.285
103.941
103.596
103.251
102.906
102.561
102.217
101.872
101.527
101.182
100.837
100.492
100.148
99.803
99.4579
99.1134
98.7687
98.424
98.0791
97.7339
97.3893
97.0442
96.6996
96.3548
96.01
95.665
95.3204
94.9758
94.6308
94.286
93.941
93.5962
93.2514
92.9067
92.5621
92.2171
91.8723
91.5276
91.1828
90.8379
90.4931
90.1482
87.5994
87.1719
85.2858
83.4494
82.9826
81.4737
80.5571
79.6402
78.7237
77.807
76.8905
75.9739
75.0573
74.1405
73.2242
72.3074
71.3908
70.4742
69.5574
68.6411
67.7245
66.8078
65.891
64.9744
64.058
63.1411
62.2246
61.308
60.3917
59.475
58.5581
57.6415
56.7251
55.8086
54.8916
53.975
55.2039
54.368
54.9519
55.4876
54.6894
54.9061
54.546
54.186
53.8262
53.4662
53.1063
52.746
52.3862
52.0263
51.6662
51.3062
50.9464
50.5862
50.2262
49.8663
49.5064
49.1464
48.7863
48.4263
48.0663
47.7064
47.3465
46.9864
46.6265
46.2667
45.9064
45.5466
45.1865
44.8266
44.4667
44.1065
43.7467
43.3867
43.0266
42.6668
42.3068
41.9469
41.5868
41.2268
40.8668
40.5068
40.1468
39.7868
39.4269
39.0669
38.707
38.3469
37.987
37.627
37.267
36.9071
36.5472
36.1871
35.8272
35.4671
35.1071
34.7472
34.3871
34.0272
33.6673
33.3073
32.9473
32.5872
32.2272
31.8673
31.5073
31.1474
30.7874
30.4274
30.0675
34.1308
33.9366
36.6701
39.3042
39.1886
41.1647
41.9523
42.7398
43.5274
44.315
45.1027
45.8902
46.6777
47.4653
48.2528
49.0404
49.828
50.6154
51.4033
52.1907
52.9783
53.7659
54.5534
55.341
56.1284
56.916
57.7035
58.4913
59.2786
60.0662
60.854
61.6413
62.4291
63.2165
64.0041
64.7918
65.5793
66.3668
67.1544
67.942
68.7295
69.5171
70.3047
71.0922
71.8799
72.6674
73.455
74.2425
75.03
75.8177
76.6052
77.3929
78.1803
78.9678
79.7554
80.5429
81.3306
82.1182
82.9057
83.6933
84.481
85.2684
86.0558
86.8435
87.631
88.4186
89.2061
89.994
90.7813
91.569
92.3566
93.144
93.9317
94.7191
95.5068
96.2943
97.0821
97.8694
98.6571
99.4445
100.232
101.02
101.807
102.595
103.382
104.17
104.957
105.745
106.533
107.32
108.108
108.896
109.683
110.47
111.258
112.046
112.833
113.621
114.408
115.196
115.983
116.771
117.559
118.346
119.134
119.921
120.709
121.497
122.284
123.072
123.859
124.646
125.434
126.222
127.009
127.797
128.584
129.372
130.16
130.947
131.735
132.522
133.31
134.098
134.886
135.673
136.46
137.248
138.035
138.823
139.611
140.398
141.186
141.973
142.761
143.549
144.336
145.124
145.911
146.699
147.486
148.274
149.062
149.849
150.636
151.424
152.212
152.999
153.787
154.574
155.362
156.149
156.937
157.725
158.512
159.3
160.087
160.875
161.662
162.45
163.237
164.025
164.813
165.6
166.388
167.175
167.963
168.75
169.538
170.326
171.113
171.901
172.689
173.476
174.264
175.051
175.839
176.626
177.414
178.201
178.989
179.777
180.564
181.352
182.139
182.927
183.714
184.502
185.29
186.077
186.864
187.652
188.44
189.227
190.015
190.803
191.59
192.377
193.165
193.952
194.74
195.528
196.316
197.103
197.891
198.678
199.466
200.254
201.041
201.829
202.616
203.404
204.191
204.979
205.767
206.554
207.341
208.129
208.917
209.705
210.492
211.279
212.067
212.855
213.642
214.43
215.218
216.004
216.793
217.581
218.367
219.154
219.943
220.73
221.518
222.305
223.093
223.88
224.668
225.456
226.243
227.031
227.818
228.606
229.393
230.181
230.968
231.757
232.544
233.332
234.118
234.906
235.694
236.482
237.269
238.057
238.844
239.632
240.419
241.207
241.995
242.781
243.57
244.357
245.145
245.932
246.72
247.507
248.295
249.083
249.87
250.658
251.446
252.233
253.021
253.808
254.596
255.384
256.17
256.959
257.746
258.533
259.321
260.108
260.896
261.683
262.471
263.258
264.047
264.834
265.621
266.409
267.197
267.984
268.771
269.559
270.348
271.134
271.921
272.71
273.498
274.284
275.073
275.859
276.647
277.435
278.223
279.011
279.798
280.585
281.373
282.161
282.948
283.735
284.524
285.312
286.098
286.886
287.674
288.462
289.248
290.037
290.824
291.611
292.399
293.187
293.975
294.761
295.549
296.337
297.124
297.912
298.699
299.488
300.275
301.062
301.851
302.636
303.425
300.608
301.261
299.528
297.875
298.464
297.348
297.2
297.052
296.905
296.758
296.61
296.462
296.315
296.167
296.02
295.872
295.725
295.576
295.43
295.283
295.134
294.986
294.84
294.692
294.545
294.397
294.249
294.102
293.955
293.807
293.659
293.511
293.364
293.217
293.069
292.921
292.774
292.626
292.479
292.331
292.184
292.036
291.889
291.742
291.594
291.445
291.299
291.151
291.003
290.856
290.709
290.561
290.413
290.266
290.118
289.97
289.824
289.676
289.528
289.38
289.233
289.086
288.938
288.791
288.643
288.496
288.348
288.201
288.053
287.905
287.758
287.609
287.462
287.315
287.167
287.02
286.873
286.725
286.578
286.43
286.283
286.135
285.987
285.841
285.693
285.545
285.398
285.25
285.102
284.955
284.807
284.659
284.512
284.365
284.217
284.069
283.921
283.774
283.626
283.48
283.332
283.184
283.036
282.888
282.742
282.593
282.446
282.299
282.151
282.004
281.857
281.709
281.561
281.413
281.266
281.119
280.971
280.824
280.676
280.529
280.38
280.234
278.005
277.779
276.177
274.621
274.357
273.111
272.422
271.736
271.049
270.361
269.674
268.986
268.298
267.611
266.923
266.237
265.549
264.861
264.173
263.486
262.799
262.111
261.424
260.737
260.049
259.361
258.674
257.987
257.299
256.611
255.924
255.236
254.551
253.861
253.174
252.487
251.8
251.112
250.425
249.738
249.05
248.362
247.674
246.987
246.3
245.613
244.926
244.237
243.549
242.863
242.175
241.488
240.8
240.113
239.425
238.738
238.05
237.363
236.675
235.987
235.3
234.612
233.925
233.238
232.55
231.862
231.176
230.488
229.801
229.113
228.426
227.738
227.051
226.364
225.675
224.988
224.301
223.614
222.925
222.239
221.551
220.864
220.176
219.489
218.801
218.113
217.426
216.738
216.052
215.364
214.677
213.989
213.302
212.613
211.927
211.239
210.552
209.864
209.177
208.489
207.802
207.114
206.427
205.739
205.053
204.364
203.677
202.989
202.302
201.615
200.927
200.24
199.552
198.864
198.178
197.49
196.802
196.115
195.427
194.741
194.052
193.365
192.678
191.99
191.303
190.615
189.928
189.24
188.552
187.865
187.178
186.49
185.803
185.116
184.428
183.741
183.053
182.365
181.678
180.991
180.303
179.615
178.928
178.241
177.553
176.865
176.178
175.491
174.804
174.116
173.429
172.741
172.053
171.366
170.679
169.991
169.304
168.616
167.929
167.242
170.561
170.024
172.139
174.163
173.697
175.126
175.478
175.83
176.183
176.535
176.887
177.239
177.591
177.943
178.295
178.647
178.999
179.351
179.703
180.055
180.408
180.76
181.112
181.464
181.816
182.168
182.521
182.872
183.224
183.577
183.928
184.281
184.632
184.985
185.337
185.689
186.041
186.394
186.746
187.098
187.449
187.802
188.154
188.506
188.858
189.21
189.562
189.914
190.266
190.618
190.971
191.323
191.675
192.027
192.379
192.731
193.083
193.435
193.787
194.14
194.491
194.843
195.196
195.548
195.9
196.252
196.604
196.956
197.308
197.659
198.013
198.365
198.717
199.069
199.42
199.772
200.125
200.477
200.829
201.181
201.533
201.886
202.238
202.589
202.942
203.294
203.646
203.998
204.35
204.702
205.054
205.406
205.758
206.111
206.463
206.815
207.167
207.519
207.871
208.223
208.575
208.927
209.279
209.631
209.983
210.335
210.688
211.04
211.392
211.743
212.096
212.448
212.8
213.153
213.505
213.856
214.208
214.561
214.913
215.265
215.617
215.969
216.321
216.673
217.025
217.378
217.729
218.082
218.434
218.786
219.138
219.49
219.842
220.195
220.547
220.899
221.25
221.603
221.954
222.307
222.659
223.012
223.363
223.716
224.067
224.419
224.772
225.123
225.476
225.828
226.18
226.532
226.884
227.237
227.588
227.94
228.293
228.645
228.996
229.349
229.701
230.053
230.405
230.757
231.109
231.462
231.813
232.165
232.518
232.869
233.222
233.574
233.926
234.278
234.63
234.982
235.334
235.686
236.038
236.39
236.742
237.095
237.447
237.799
238.152
238.503
238.855
239.207
239.56
239.911
240.264
240.615
240.968
241.32
241.672
242.024
242.376
242.728
243.08
243.432
243.784
244.137
244.489
244.841
245.193
245.545
245.897
246.25
246.601
246.954
247.306
247.658
248.01
248.362
248.714
249.066
249.418
249.771
250.123
250.474
250.827
251.179
251.53
251.883
252.234
252.587
252.94
253.291
253.643
253.995
254.348
254.699
255.051
255.404
255.755
256.108
256.459
256.812
257.163
257.516
257.868
258.22
258.573
258.924
259.277
259.629
259.981
260.333
260.685
261.037
261.39
261.741
262.093
262.446
262.798
263.149
263.502
263.854
264.206
264.558
264.91
265.263
265.615
265.967
266.319
266.671
267.023
267.375
267.727
268.079
268.432
268.783
269.136
269.487
269.84
270.191
270.545
270.896
271.248
271.6
271.952
272.305
272.657
273.008
271.511
271.794
270.853
269.953
270.204
269.579
269.451
269.324
269.195
269.068
268.941
268.812
268.685
268.557
268.43
268.302
268.174
268.047
267.919
267.791
267.663
267.536
267.409
267.28
267.154
267.026
266.897
266.77
266.643
266.514
266.388
266.26
266.132
266.004
265.876
265.748
265.621
265.494
265.367
265.239
265.112
264.983
264.856
264.728
264.6
264.473
264.345
264.217
264.09
263.963
263.834
263.706
263.579
263.452
263.324
263.196
263.068
262.941
262.813
262.685
262.557
262.431
262.303
262.174
262.048
261.92
261.792
261.664
261.536
261.409
261.281
261.153
261.025
260.898
260.771
260.642
260.515
260.388
260.26
260.132
260.005
259.877
259.749
259.622
259.494
259.366
259.238
259.111
258.983
258.856
258.729
258.6
258.473
258.345
258.218
258.09
257.962
257.835
257.707
257.578
257.452
257.325
257.196
257.068
256.941
256.813
256.686
256.557
256.431
256.303
256.175
256.047
255.92
255.793
255.664
255.537
255.409
255.281
255.154
255.026
254.898
254.771
254.643
254.515
254.388
254.26
254.133
254.005
253.878
253.75
253.621
253.494
253.367
253.24
253.111
252.984
252.856
252.729
252.601
252.472
252.345
252.218
252.09
251.962
251.835
251.708
251.58
251.452
251.324
251.197
251.069
250.941
250.813
250.686
250.558
250.431
250.304
250.176
250.048
249.92
249.792
249.665
249.537
249.41
249.282
249.154
249.027
248.899
248.771
248.643
248.517
248.388
248.261
248.132
248.006
247.877
247.75
247.621
247.495
247.366
247.24
247.112
246.984
246.857
246.728
246.601
246.474
246.346
246.218
246.09
245.963
245.835
245.708
245.58
245.453
245.324
245.197
245.069
244.941
244.814
244.686
244.559
244.43
244.304
244.176
244.048
243.92
243.793
243.664
243.538
243.41
243.282
243.155
243.027
242.899
242.772
242.644
242.517
242.389
242.261
242.134
242.006
241.878
241.751
241.622
241.495
241.368
241.24
241.112
240.984
240.857
240.728
240.601
240.474
240.347
240.218
240.091
239.963
239.835
239.708
239.58
239.454
239.325
239.197
239.07
238.942
238.814
238.687
238.558
238.432
238.304
238.175
238.049
237.921
237.793
237.665
237.538
237.41
237.283
237.155
237.027
236.9
236.772
236.644
236.517
236.389
236.261
236.134
236.006
235.878
235.751
235.623
235.496
235.368
235.24
235.112
234.984
234.857
234.729
234.602
234.474
234.346
233.149
232.981
232.105
231.254
231.067
230.374
229.969
229.563
229.159
228.753
228.348
227.943
227.537
227.133
226.728
226.322
225.918
225.512
225.107
224.702
224.297
223.891
223.486
223.081
222.676
222.27
221.865
221.46
221.055
220.649
220.245
219.839
219.434
219.029
218.624
218.218
217.813
217.408
217.004
216.598
216.192
215.787
215.383
214.977
214.572
214.166
213.762
213.356
212.951
212.546
212.141
211.735
211.33
210.924
210.52
210.115
209.71
209.304
208.899
208.494
208.089
207.683
207.278
206.873
206.468
206.062
205.658
205.253
204.847
204.442
204.036
203.632
203.226
202.821
202.416
202.01
201.606
201.201
200.795
200.39
199.984
199.58
199.175
198.769
198.364
197.959
197.553
197.148
196.743
196.338
195.933
195.528
195.122
194.718
194.312
193.907
193.502
193.097
192.691
192.286
191.881
191.477
191.071
190.665
190.26
189.855
189.45
189.045
188.639
188.234
187.828
187.424
187.019
186.614
186.208
185.803
185.398
184.993
184.587
184.182
183.778
183.372
182.967
182.562
182.156
181.752
181.346
180.941
180.536
180.131
179.725
179.32
178.915
178.51
178.104
177.699
177.294
176.889
176.484
176.079
175.674
175.268
174.863
174.458
174.052
173.647
173.242
172.837
172.432
172.026
171.621
171.216
170.811
170.407
170.0
169.596
169.19
168.785
168.38
167.975
167.57
167.165
166.759
166.354
165.949
165.544
165.138
164.733
164.328
163.922
163.518
163.113
162.707
162.302
161.897
161.492
161.086
160.681
160.276
159.871
159.465
159.061
158.655
158.251
157.845
157.44
157.034
156.629
156.224
155.819
155.414
155.008
154.603
154.198
153.793
153.388
152.983
152.577
152.172
151.767
151.362
150.956
150.551
150.147
149.741
149.336
148.931
148.526
148.12
147.715
147.31
146.905
146.5
146.094
145.689
145.284
144.879
144.473
144.068
143.663
143.258
142.853
142.447
142.043
141.637
141.232
140.827
140.421
140.017
139.611
139.206
138.801
138.396
137.991
137.585
137.18
136.775
136.37
135.964
135.559
135.154
134.749
134.344
133.938
133.533
133.128
132.723
132.318
131.912
131.508
131.102
130.697
130.292
129.886
129.482
129.076
128.671
128.266
127.86
127.456
127.05
126.645
126.24
125.835
125.429
125.024
124.619
124.214
123.809
123.403
122.998
122.593
122.188
121.783
121.377
120.973
120.567
120.162
119.757
119.352
118.947
118.541
118.136
117.731
117.326
116.92
116.515
116.11
115.705
115.3
114.895
114.489
114.084
113.679
113.274
112.869
112.463
112.059
111.653
111.248
110.843
110.437
110.032
109.627
109.222
108.817
108.412
108.006
107.601
107.196
106.79
106.385
105.98
105.575
105.17
104.765
104.359
103.954
103.549
103.144
102.739
102.334
101.928
101.523
101.118
100.713
100.307
99.9023
99.4971
99.092
98.6868
98.2817
97.8761
97.4713
97.066
96.6608
96.2558
95.8507
95.4454
95.0402
94.635
94.2299
93.8245
93.4192
93.0143
92.6088
92.2038
91.7987
91.3934
90.9883
90.5831
90.1779
89.7724
89.3674
88.9623
88.5569
88.1519
87.7467
87.3416
86.9365
86.5314
86.1257
85.721
85.3157
84.9106
84.5055
84.0997
83.6948
83.2898
82.8844
82.4794
82.0742
81.6691
81.2636
80.8588
80.4534
80.0481
79.643
79.2376
78.8326
78.4274
78.0222
77.6171
77.212
76.8068
76.4013
75.9961
75.5911
75.1857
74.7806
74.3755
73.9703
73.5652
73.1597
72.7547
72.3496
71.9443
71.5393
71.1341
70.7289
70.3236
69.9185
69.5131
69.108
68.7029
68.2978
67.8924
67.4872
67.0821
66.6768
66.2716
65.8666
65.4613
65.0561
64.6509
64.2459
63.8405
63.4354
63.0303
62.6249
62.2197
61.8146
67.0091
66.8138
70.3252
73.7102
73.6142
76.1667
77.2141
78.2616
79.3093
80.3568
81.4044
82.4519
83.4995
84.5471
85.5946
86.6423
87.6896
88.7373
89.7848
90.8323
91.88
92.9276
93.9752
95.0227
96.0701
97.1177
98.1651
99.213
100.26
101.308
102.355
103.403
104.451
105.498
106.546
107.593
108.641
109.689
110.736
111.783
112.832
113.879
114.927
115.974
117.021
118.069
119.116
120.164
121.212
122.259
123.307
124.354
125.402
126.449
127.497
128.545
129.592
130.64
131.687
132.735
133.783
134.83
135.878
136.925
137.973
139.02
140.068
141.115
142.163
143.211
144.258
145.306
146.354
147.401
148.448
149.496
150.544
151.591
152.639
153.686
154.734
155.781
156.829
157.876
158.924
159.971
161.019
162.067
163.114
164.162
165.209
166.257
167.304
168.352
169.4
170.447
171.495
172.542
173.59
174.637
175.685
176.732
177.781
178.828
179.875
180.922
181.97
183.018
184.066
185.113
186.16
187.208
188.255
189.303
190.352
191.399
192.446
193.493
194.541
195.588
196.636
197.683
198.731
199.779
200.827
201.874
202.921
203.969
205.017
206.064
207.112
208.159
209.206
210.255
211.302
212.35
213.397
214.445
215.492
216.54
217.587
218.635
219.682
220.73
221.778
222.825
223.873
224.92
225.968
227.016
228.063
229.111
230.158
231.206
232.254
233.301
234.348
235.396
236.443
237.491
238.539
239.586
240.634
241.682
242.729
243.777
244.824
245.871
241.135
241.966
238.97
236.102
236.83
234.822
234.37
233.916
233.463
233.01
232.557
232.105
231.652
231.199
230.746
230.294
229.84
229.387
228.934
228.481
228.029
227.575
227.122
226.669
226.216
225.764
225.311
224.858
224.405
223.952
223.498
223.046
222.593
222.14
221.687
221.234
220.781
220.328
219.876
219.423
218.971
218.516
218.063
217.611
217.158
216.705
216.253
215.799
215.346
214.893
214.44
213.988
213.534
213.081
212.629
212.175
211.723
211.27
210.817
210.364
209.911
209.458
209.005
208.552
208.099
207.646
207.194
206.74
206.287
205.834
205.381
204.928
204.476
204.022
203.569
203.117
202.664
202.211
201.757
201.305
200.852
200.399
199.945
199.493
199.04
198.587
198.135
197.681
197.229
196.775
196.323
195.869
195.417
194.963
194.511
194.058
193.605
193.152
192.699
192.246
191.793
191.34
190.887
190.434
189.982
189.529
189.076
188.622
188.17
187.717
187.264
186.811
186.358
185.905
185.453
184.999
184.546
184.093
183.641
183.188
182.734
182.282
181.828
181.376
180.923
180.47
180.017
179.564
179.111
178.658
178.205
177.752
177.299
176.846
176.393
175.94
175.488
175.034
174.582
174.129
173.676
173.222
172.769
172.317
171.864
171.41
170.958
170.505
170.052
169.599
169.146
168.693
168.241
167.787
167.335
166.882
166.429
165.976
165.523
165.07
164.616
164.164
163.711
163.258
162.805
162.352
161.899
161.446
160.993
160.541
160.088
159.635
159.182
158.728
158.276
157.823
157.37
156.917
156.464
156.011
155.558
155.105
154.652
154.2
153.746
153.294
152.841
152.387
151.935
151.481
151.028
150.576
150.123
149.67
149.217
148.765
148.311
147.858
147.406
146.952
146.5
146.046
145.593
145.141
144.688
144.235
143.782
143.329
142.876
142.423
141.97
141.517
141.064
140.611
140.158
139.705
139.253
138.8
138.347
137.894
137.441
136.988
136.535
136.082
135.628
135.176
134.723
134.27
133.817
133.365
132.911
132.459
132.006
131.553
131.1
130.647
130.194
129.741
129.288
128.835
128.382
127.929
127.476
127.023
126.57
126.117
125.665
125.212
124.759
124.306
123.853
123.4
122.947
122.494
122.041
121.587
121.135
120.682
120.229
119.776
119.323
118.87
118.417
117.965
117.511
117.059
116.606
116.153
115.7
115.247
114.794
114.34
113.888
113.435
112.982
112.529
112.076
111.623
111.17
110.717
110.264
109.812
109.359
108.906
108.453
108.0
107.547
108.391
107.987
108.441
108.866
108.486
108.718
108.601
108.485
108.369
108.252
108.136
108.02
107.903
107.787
107.671
107.554
107.437
107.322
107.205
107.089
106.972
106.856
106.74
106.623
106.507
106.39
106.274
106.158
106.041
105.925
105.809
105.692
105.576
105.46
105.343
105.227
105.11
104.994
104.878
104.761
104.645
104.529
104.412
104.296
104.18
104.064
103.947
103.83
103.715
103.598
103.482
103.365
103.249
103.132
103.016
102.9
102.783
102.667
102.551
102.434
102.318
102.201
102.085
101.969
101.852
101.736
101.62
101.503
101.387
101.271
101.154
101.038
100.922
100.805
100.689
100.573
100.456
100.34
100.224
100.107
99.9906
99.8743
99.7582
99.6416
99.5256
99.4091
99.2926
99.1763
99.0598
98.9438
98.8273
98.711
98.5945
98.4785
98.3617
98.2458
98.1289
98.013
97.8965
97.7799
97.6639
97.5471
97.431
97.3141
97.1983
97.0817
96.9656
96.8491
96.7326
96.6165
96.5001
96.3839
96.2673
96.1513
96.0348
95.9186
95.8021
95.6859
95.5692
95.4526
95.3368
95.22
95.1037
94.9873
94.8711
94.755
94.6383
94.522
94.4057
94.2893
94.1728
94.0567
93.9402
93.824
93.7076
93.5913
93.4747
93.3585
93.2422
93.1257
93.0094
92.893
92.7768
92.6605
92.5442
92.4276
92.3113
92.1948
92.0786
91.9624
91.8458
91.7293
91.6132
91.4969
91.3805
91.2643
91.1476
91.0312
90.9151
90.7988
90.6821
90.5657
90.4495
90.333
90.2169
90.1003
89.9842
89.8677
89.7517
89.6348
89.5188
89.4026
89.2861
89.1697
89.0532
88.9368
88.8205
88.7042
88.5877
88.4718
88.3553
88.2388
88.1225
88.0059
87.8898
87.7734
87.6569
87.5406
87.4242
87.3083
87.1916
87.0755
86.959
86.8427
86.7262
86.6098
86.4934
86.3772
86.2607
86.1447
86.0279
85.9118
85.7954
85.6788
85.5625
85.4461
85.3301
85.2138
85.097
84.9809
84.8643
84.7483
84.6317
84.5156
84.3991
84.2827
84.1664
84.0499
83.9335
83.8173
83.7011
83.5847
83.4683
83.3518
83.2354
83.119
83.0028
82.8864
82.77
82.6536
82.5371
82.421
82.3045
82.188
82.0718
81.9555
81.8389
81.7228
81.6065
81.4899
81.3738
81.2574
81.1409
81.0247
80.9083
80.7921
80.6755
80.5592
80.4428
80.3264
80.2101
80.0936
79.9773
79.8609
79.7446
79.6282
79.5121
79.3956
79.2793
79.1631
79.0465
78.9303
78.8138
78.6974
78.5812
78.4647
78.3483
78.232
78.1159
77.9995
77.8832
77.7667
77.6504
77.5339
77.4175
77.3012
77.1849
77.0683
76.9522
76.8357
76.7193
76.6033
76.4868
76.3704
76.2543
76.1376
76.0213
75.9048
75.7885
75.6722
75.5557
75.4395
75.3232
75.2068
75.0906
74.9741
74.8578
74.7415
74.625
74.5086
74.3923
74.2759
74.1595
74.043
73.9268
73.8105
73.6941
73.5776
73.4614
73.3453
73.2287
73.1123
72.9962
72.8796
72.7634
72.6468
72.5305
72.4145
72.2978
72.1815
72.0649
71.9489
71.8326
71.7161
71.5997
71.4834
71.3672
71.2506
71.1343
71.018
70.9018
70.7854
70.669
70.5525
70.4362
70.3198
70.2035
70.0872
69.9706
69.8543
69.7381
69.6218
69.5054
69.389
69.2727
69.1564
69.0399
68.9235
68.8072
68.6908
68.5744
68.4581
68.3414
68.2254
68.109
67.9927
67.8763
67.76
67.6437
67.5273
67.4109
67.2945
67.1782
67.0618
66.9456
66.8292
66.7126
66.5965
66.48
66.3638
66.2471
66.1309
66.0147
65.8983
65.7819
65.6654
65.5492
65.4327
65.3164
65.2
65.0837
64.9673
64.851
64.7347
64.6184
64.5019
64.3857
64.2691
64.1529
64.0366
63.9202
63.8038
63.6874
63.571
63.4546
63.3383
63.222
63.1056
62.9892
62.8728
62.7566
62.6404
62.524
62.4076
62.2912
62.1749
62.0584
61.9421
61.8257
61.7093
61.593
61.4766
61.3602
61.2441
61.1276
61.0113
60.8951
60.7784
60.6622
60.5457
60.4295
60.3132
60.1967
60.0804
59.9641
59.8476
59.7314
59.6149
59.4985
59.3822
59.2659
59.1495
59.0331
58.9168
58.8004
58.6841
58.5679
58.4513
58.335
58.2188
58.1023
57.986
57.8697
57.7531
57.637
57.5205
57.4042
57.2878
57.1715
57.0551
56.9388
56.8224
56.706
56.5899
56.4734
56.357
56.2404
56.1241
56.008
55.8916
55.7751
55.6589
55.5425
55.4262
55.3097
55.1934
55.0771
54.9609
54.8443
54.7279
54.6117
54.4952
54.3789
54.2626
54.1462
54.0299
53.9136
53.7973
53.6807
53.5643
53.448
53.3316
53.2152
53.0989
52.9826
52.8662
52.7499
52.6335
52.5172
52.4008
52.2843
52.168
52.0517
51.9354
51.819
51.7027
51.5863
51.47
51.3535
51.2373
51.1209
51.0045
50.8882
50.7718
50.6555
50.539
50.4227
50.3064
50.19
50.0735
49.9573
49.8411
49.7247
49.6083
49.4918
49.3756
49.2591
49.1427
49.0264
48.91
48.7937
48.6774
48.5611
48.4446
48.3284
48.212
48.0956
47.9792
47.8629
47.7466
47.6302
47.5137
47.3975
47.2812
47.1647
47.0484
46.932
46.8155
46.6993
46.583
46.4666
46.3502
46.2338
46.1175
46.0011
45.8848
45.7684
45.6521
45.5357
45.4194
48.4761
48.4787
50.5815
52.6132
52.6719
54.2316
54.9386
55.6451
56.3521
57.0589
57.7659
58.4727
59.1797
59.8864
60.5932
61.3002
62.0069
62.7141
63.4207
64.1277
64.8344
65.5414
66.2482
66.9549
67.6617
68.3686
69.0755
69.7825
70.4894
71.1962
71.9028
72.61
73.3165
74.0236
74.7301
75.4372
76.1441
76.8507
77.5579
78.2648
78.9716
79.6784
80.3853
81.092
81.7989
82.5058
83.2127
83.9194
84.6263
85.3333
86.0401
86.7469
87.4537
88.1607
88.8675
89.5744
90.2812
90.988
91.6951
92.4018
93.1087
93.8156
94.5225
95.2292
95.9359
96.643
97.3497
98.0566
98.7636
99.4703
100.177
100.884
101.591
102.298
103.004
103.711
104.419
105.125
105.832
106.539
107.246
107.953
108.66
109.366
110.073
110.78
111.487
112.194
112.901
113.607
114.315
115.021
115.728
116.435
117.142
117.849
118.556
119.263
119.969
120.676
121.383
122.09
122.796
123.503
124.211
124.917
125.624
126.331
127.038
127.745
128.452
129.158
129.865
130.572
131.279
131.986
132.693
133.4
134.106
134.813
135.52
136.227
136.934
137.641
138.347
139.054
139.761
140.468
141.175
141.882
142.589
143.296
144.002
144.709
145.416
146.123
146.83
147.537
148.244
148.951
149.657
150.364
151.071
151.778
152.485
153.191
153.899
154.606
155.312
156.019
156.726
157.432
158.14
158.846
159.554
160.26
160.967
161.674
162.381
163.087
163.794
164.502
165.208
165.915
166.622
167.329
168.035
168.742
169.449
170.156
170.863
171.57
172.277
172.984
173.69
174.397
175.104
175.811
176.518
177.225
177.932
178.638
179.346
180.052
180.759
181.466
182.173
182.88
183.586
184.293
185.0
185.707
186.414
187.121
187.828
188.535
189.241
189.949
190.655
191.362
192.069
192.775
193.483
194.189
194.896
195.603
196.311
197.017
197.724
198.43
199.137
199.844
200.552
201.257
201.965
202.671
203.379
204.085
204.792
205.499
206.206
206.913
207.62
208.327
209.034
209.74
210.448
211.154
211.86
212.568
213.275
213.981
214.688
215.395
216.102
216.809
217.516
218.223
218.93
219.636
220.344
221.05
221.756
222.464
223.171
223.878
224.585
225.291
225.998
226.705
227.412
228.118
228.825
229.532
230.239
230.946
231.653
232.359
233.067
233.773
234.48
235.187
235.894
236.602
237.307
238.014
238.721
239.429
240.135
240.842
241.549
242.256
242.963
243.67
244.377
245.084
245.79
246.496
247.205
247.911
248.618
249.324
250.031
250.739
251.445
252.152
252.859
253.566
254.273
254.98
248.762
249.21
245.074
241.094
241.418
238.468
237.379
236.289
235.2
234.11
233.021
231.931
230.841
229.752
228.662
227.573
226.484
225.394
224.304
223.215
222.125
221.036
219.947
218.857
217.767
216.678
215.589
214.499
213.41
212.32
211.231
210.141
209.051
207.962
206.873
205.783
204.693
203.604
202.515
201.425
200.336
199.246
198.156
197.067
195.978
194.888
193.799
192.709
191.62
190.529
189.44
188.351
187.261
186.172
185.083
183.993
182.904
181.815
180.725
179.635
178.546
177.455
176.367
175.277
174.187
173.099
172.009
170.919
169.829
168.74
167.651
166.561
165.472
164.382
163.292
162.203
161.113
160.024
158.934
157.845
156.756
155.667
154.577
153.487
152.398
151.309
150.218
149.129
148.04
146.951
145.861
144.771
143.682
142.593
141.502
140.413
139.324
138.234
137.145
136.055
134.966
133.876
132.787
131.697
130.608
129.518
128.429
127.34
126.25
125.16
124.071
122.981
121.892
120.803
119.713
118.624
117.534
116.445
115.355
114.266
113.176
112.087
110.997
109.907
108.818
107.729
106.639
105.549
104.46
103.37
102.281
101.191
100.102
99.0127
97.5457
96.4421
95.0887
93.7433
92.633
91.3442
90.1567
88.9691
87.782
86.5945
85.4069
84.2196
83.0322
81.8446
80.6572
79.4698
78.2823
77.0951
75.9074
74.7201
73.5327
72.3451
71.1578
69.9703
68.7829
67.5957
66.4079
65.2207
64.0332
62.8458
61.6583
60.4711
59.2834
58.096
56.9086
55.7212
54.5339
53.3462
52.1589
50.9715
49.784
48.5964
47.4091
46.2216
45.0343
43.8469
42.6594
41.4719
53.9415
53.2659
61.6301
69.6865
69.2535
75.2791
77.6348
79.9904
82.3461
84.7016
87.0575
89.413
91.7686
94.1243
96.48
98.8357
101.191
103.547
105.903
108.258
110.614
112.969
115.325
117.681
120.036
122.392
124.748
127.103
129.458
131.814
134.17
136.526
138.882
141.237
143.592
145.948
148.304
150.66
153.015
155.371
157.726
160.082
162.438
164.794
167.149
169.505
171.861
174.216
176.572
178.927
181.283
183.639
185.994
188.35
190.706
193.061
195.417
197.772
200.128
202.484
204.839
207.195
209.551
211.906
214.262
216.618
218.973
221.329
223.685
226.04
228.396
230.752
233.108
235.463
237.819
240.174
242.529
244.885
247.241
249.597
251.953
254.308
256.664
259.019
261.375
263.731
266.087
268.442
270.797
273.153
275.509
277.865
280.22
282.576
284.931
287.287
289.643
291.998
294.353
296.709
299.065
301.421
303.776
306.132
293.242
295.024
286.718
278.753
280.266
274.569
272.969
271.369
269.769
268.169
266.569
264.969
263.37
261.77
260.17
258.57
256.969
255.37
253.77
252.17
250.57
248.97
247.371
245.771
244.171
242.571
240.971
239.37
237.771
236.17
234.571
232.972
231.371
229.772
228.171
226.572
224.972
223.372
221.772
220.171
218.572
216.972
215.372
213.772
212.172
210.573
208.973
207.372
205.773
204.172
202.572
200.973
199.373
197.774
196.173
194.573
192.974
191.373
189.774
188.173
186.573
184.974
183.374
181.775
180.173
178.574
176.974
175.374
173.775
172.174
170.574
168.975
167.374
165.774
164.175
162.575
160.974
159.375
157.775
156.176
154.576
152.975
151.376
149.775
148.176
146.576
144.976
143.376
141.776
140.176
138.576
136.976
135.376
133.776
132.176
130.577
128.977
127.376
125.777
124.177
122.577
120.977
119.377
117.777
116.177
114.578
112.977
111.378
109.778
108.178
106.578
104.978
103.378
101.778
100.178
98.5783
96.9783
95.3783
93.7786
92.1785
90.5786
88.9791
87.379
85.7791
84.179
82.5787
80.9791
79.3795
77.7793
76.1799
74.5797
72.9797
71.3797
69.7799
68.1799
66.5801
64.98
63.3804
61.7801
60.1803
81.8992
81.1733
95.8821
110.066
109.755
120.47
124.92
129.37
133.82
138.27
142.719
147.169
151.619
156.069
160.518
164.968
169.418
173.868
178.318
182.767
187.217
191.666
196.116
200.566
205.016
209.466
213.915
218.365
222.815
227.265
231.714
236.165
240.614
245.064
249.513
253.963
258.413
262.863
267.312
271.762
254.859
258.508
248.023
238.02
241.29
234.462
233.372
232.282
231.191
230.101
229.012
227.922
226.832
225.742
224.652
223.562
222.471
221.381
220.292
219.201
218.111
217.021
215.931
214.842
213.751
212.662
211.571
210.481
209.391
208.301
207.212
206.121
205.031
203.941
202.851
201.76
200.671
199.58
198.491
197.401
196.311
195.221
194.131
193.041
191.951
190.861
189.77
188.681
187.59
186.5
185.411
184.32
183.23
182.14
181.05
179.961
178.871
177.78
176.69
175.6
174.51
173.42
172.33
171.239
170.15
169.06
167.97
166.88
165.79
164.7
163.61
162.519
161.43
160.34
159.249
158.159
157.07
155.98
154.89
153.799
152.71
151.62
150.529
149.439
148.349
147.26
146.17
145.079
143.989
142.899
141.809
140.719
139.629
138.539
137.449
136.359
135.269
134.179
133.089
131.999
130.909
129.819
128.729
127.639
126.549
125.459
124.368
123.279
122.189
121.098
120.009
124.735
123.863
126.841
129.688
128.919
130.901
131.321
131.739
132.158
132.577
132.996
133.416
133.834
134.253
134.672
135.091
135.51
135.93
136.349
136.767
137.186
137.605
138.024
138.443
138.862
139.281
139.7
140.119
140.538
140.957
141.376
141.795
142.214
142.633
143.053
143.471
143.89
144.309
144.728
145.147
145.566
145.985
146.404
146.823
147.242
147.661
148.08
148.499
148.918
149.337
149.756
150.175
150.594
151.013
151.432
151.851
152.27
152.689
153.108
153.527
153.946
154.365
154.784
155.203
155.622
156.041
156.46
156.879
157.298
157.717
158.136
158.555
158.974
159.393
159.812
160.231
160.65
161.069
161.488
161.907
162.326
162.745
163.164
163.583
164.002
164.421
164.84
165.259
165.678
166.097
166.516
166.934
167.353
167.773
168.192
168.611
169.03
169.449
169.868
170.287
170.706
171.125
171.543
171.963
172.382
172.801
173.219
173.638
174.057
174.477
174.896
175.315
175.734
176.153
176.571
176.99
177.41
177.829
178.247
178.667
179.086
179.505
179.923
180.342
180.761
181.18
181.6
182.018
182.438
182.856
183.275
183.694
184.113
184.533
184.951
185.37
185.789
186.208
186.627
187.046
187.466
187.884
188.303
188.722
189.142
189.56
189.979
190.398
190.817
191.236
191.655
192.074
192.493
192.912
193.331
193.75
194.17
194.588
195.008
195.426
195.846
196.264
196.683
197.102
197.521
197.94
198.359
198.778
199.197
199.616
200.035
200.454
200.873
201.292
201.711
202.13
202.548
202.968
203.387
203.806
204.225
204.644
205.063
205.482
205.901
206.321
206.739
207.158
207.577
207.996
208.415
208.834
209.253
209.672
210.09
210.51
210.929
211.348
211.767
212.186
212.605
213.023
213.443
213.862
214.281
214.7
215.119
215.537
215.956
216.375
216.794
217.214
217.633
218.051
218.471
218.89
219.308
219.727
220.147
220.566
220.984
221.403
221.822
222.242
222.66
223.08
223.499
223.918
224.337
224.756
225.174
225.594
226.013
226.431
226.85
227.269
227.688
228.107
228.526
228.945
229.365
229.784
230.202
230.622
231.04
231.46
231.878
232.298
232.716
233.136
233.554
233.973
234.393
234.811
235.231
235.65
236.068
236.487
236.906
237.325
237.744
238.164
238.582
239.001
239.421
239.839
240.259
240.677
241.097
241.516
241.934
242.354
242.773
243.191
243.611
244.029
244.449
244.867
245.287
245.706
246.124
246.543
246.963
247.381
246.429
246.797
246.257
245.749
246.092
245.787
245.85
245.914
245.977
246.04
246.104
246.167
246.23
246.294
246.357
246.421
246.484
246.548
246.611
246.674
246.738
246.8
246.864
246.928
246.991
247.055
247.118
247.181
247.245
247.308
247.372
247.435
247.498
247.561
247.625
247.688
247.751
247.815
247.878
247.942
248.005
248.069
248.132
248.195
248.259
248.321
248.385
248.449
248.513
248.576
248.639
248.701
248.765
248.829
248.892
248.956
249.019
249.082
249.146
249.209
249.273
249.336
249.399
249.462
249.526
249.59
249.653
249.716
249.78
249.844
249.907
249.969
250.033
250.097
250.16
250.223
250.286
250.35
250.413
250.476
250.541
250.603
250.667
250.73
250.794
250.857
250.921
250.983
251.047
251.111
251.175
251.237
251.301
251.364
251.427
251.491
251.554
251.618
251.682
251.744
251.808
251.871
251.935
251.998
252.061
252.125
252.188
252.251
252.315
252.378
252.442
252.504
252.568
252.631
252.695
252.758
252.821
252.885
252.948
253.012
253.076
253.138
253.203
253.265
253.329
253.392
253.455
253.519
253.582
253.646
253.709
253.773
253.836
253.899
253.962
254.025
254.088
254.153
254.216
254.279
254.343
254.406
254.47
254.533
254.596
254.659
254.722
254.786
254.849
254.913
254.977
255.04
255.103
255.167
255.23
255.294
255.356
255.421
255.483
255.547
255.61
255.674
255.736
255.801
255.864
255.928
255.991
256.054
256.117
256.181
256.244
256.307
256.371
256.434
256.498
256.561
256.624
256.688
256.751
256.815
256.878
256.941
257.005
257.069
257.132
257.195
257.258
257.322
257.385
257.448
257.511
257.576
257.639
257.702
257.765
257.829
257.892
257.956
258.018
258.082
258.145
258.208
258.272
258.336
258.399
258.463
258.526
258.589
258.653
258.715
258.778
258.843
258.906
258.969
259.033
259.096
259.16
259.222
259.286
259.35
259.412
259.476
259.539
259.604
259.666
259.73
259.793
259.857
259.92
259.983
260.047
260.11
260.173
260.236
260.3
260.364
260.427
260.491
260.554
260.617
260.681
260.744
260.808
260.871
260.934
260.998
261.061
261.125
261.188
261.25
261.315
261.378
261.441
261.504
261.568
261.631
261.695
261.757
261.821
261.885
261.948
262.011
262.074
262.138
262.202
262.266
262.328
262.392
262.455
262.519
262.582
262.645
262.707
262.771
262.835
262.898
262.962
263.025
263.089
263.153
263.215
263.278
263.342
263.406
263.469
263.532
263.596
263.659
263.723
263.786
263.849
263.913
263.975
264.04
264.103
264.166
264.229
264.293
264.357
264.421
264.483
264.546
264.61
264.673
264.736
264.799
264.864
264.927
264.99
265.052
265.117
265.18
265.243
265.307
265.37
265.433
265.497
265.56
265.624
265.687
265.751
265.813
265.878
265.941
266.004
266.067
266.131
266.193
266.257
266.321
266.385
266.448
266.51
266.575
266.638
266.701
266.765
266.828
266.891
266.955
267.019
267.081
267.145
267.208
267.271
267.335
267.399
267.461
267.525
267.589
267.653
267.715
267.779
267.843
267.906
267.969
268.032
268.095
268.158
268.223
268.286
268.348
268.413
268.475
268.539
268.602
268.666
268.73
268.793
268.856
268.919
268.983
269.046
269.11
269.173
269.236
269.3
269.363
269.426
269.49
269.553
269.617
269.68
269.743
269.807
269.87
269.934
269.997
270.06
270.123
270.187
270.251
270.314
270.377
270.44
270.503
270.567
270.63
270.694
270.757
270.82
270.885
270.947
271.011
271.075
271.138
271.202
271.265
271.328
271.391
271.455
271.518
271.581
271.645
271.708
271.771
271.834
271.898
271.961
272.025
272.089
272.151
272.215
272.278
272.342
272.405
272.468
272.531
272.595
272.659
272.722
272.786
272.849
272.912
272.975
273.039
273.103
273.166
273.229
273.293
273.356
273.419
273.482
273.546
273.609
273.673
273.735
273.8
273.863
273.926
273.99
274.053
274.116
274.18
274.243
274.306
274.371
274.433
274.496
274.56
274.624
274.688
274.75
274.813
274.877
274.941
275.003
275.067
275.131
275.194
275.257
275.32
275.384
275.448
275.51
275.574
275.637
275.702
275.764
275.827
275.892
275.955
276.017
276.08
276.145
276.208
276.271
276.335
276.397
276.462
276.525
276.588
276.652
276.714
276.778
276.842
276.905
276.968
277.032
277.095
277.158
277.223
277.285
277.348
277.412
277.475
277.539
277.602
277.665
277.729
277.793
277.856
277.919
277.982
278.046
278.11
278.172
278.236
278.299
278.362
278.427
278.489
278.552
278.616
278.68
278.743
278.806
278.87
278.933
278.996
279.06
279.122
279.186
279.249
279.313
279.377
279.44
279.502
279.567
279.631
279.694
279.756
279.82
279.884
279.947
280.01
280.074
280.137
280.201
280.264
280.326
280.39
280.453
280.517
280.58
280.645
280.707
280.771
280.835
280.898
280.961
281.024
281.088
281.151
281.215
281.278
281.342
281.404
281.468
281.531
281.594
281.658
281.722
281.784
281.848
281.912
281.975
282.039
282.101
282.165
282.228
282.291
282.356
282.419
282.482
282.546
282.609
282.673
282.736
282.799
282.863
282.926
282.989
283.052
283.116
283.179
283.242
283.306
283.37
283.432
283.496
283.559
283.623
283.686
283.749
283.813
283.877
283.94
284.003
284.067
284.13
284.193
284.257
284.32
284.383
284.447
284.51
284.574
284.638
284.701
284.763
284.827
284.89
284.954
285.017
285.08
285.144
285.207
285.27
285.334
285.398
285.461
285.524
285.587
285.65
285.714
285.777
285.842
285.905
285.968
286.031
286.095
286.159
286.221
286.285
286.348
286.412
286.474
286.538
286.602
286.665
286.728
286.792
286.855
286.918
286.981
287.045
287.109
287.173
287.235
287.298
287.362
287.425
287.489
287.552
287.616
287.679
287.743
287.805
287.87
287.933
287.996
288.058
288.123
288.186
288.25
288.312
288.376
288.439
288.503
288.566
288.629
288.692
288.756
288.82
288.883
288.946
289.01
289.073
289.137
289.2
289.264
289.327
289.39
289.454
289.517
289.58
289.644
289.707
289.77
289.834
289.898
289.96
290.024
290.088
290.151
290.215
290.278
290.34
290.404
290.468
290.531
290.595
290.658
290.721
290.784
290.848
290.912
290.975
291.037
291.102
291.164
291.227
291.292
291.355
291.419
291.482
291.545
291.608
291.672
291.735
291.799
291.862
291.925
291.989
292.053
292.116
292.18
292.242
292.306
292.369
292.431
292.495
292.559
292.623
292.687
292.749
292.813
292.877
292.94
293.003
293.066
293.13
293.193
293.257
293.32
293.382
293.447
293.509
293.573
293.636
293.7
293.763
293.827
293.889
293.954
294.017
294.08
294.143
294.207
294.27
294.333
294.397
294.46
294.524
294.587
294.65
294.715
294.777
294.84
294.904
294.967
295.03
295.094
295.157
295.222
295.285
295.347
295.412
295.474
295.538
295.601
295.665
295.728
295.792
295.855
295.918
295.981
296.045
296.107
296.172
296.235
296.298
296.361
296.425
296.488
296.552
296.615
296.679
296.742
296.806
296.869
296.932
296.994
297.059
297.122
297.185
297.249
297.312
297.375
297.439
297.502
297.566
297.629
297.693
297.756
297.818
297.882
297.946
298.009
298.073
298.135
298.2
298.262
298.327
298.389
298.453
298.516
298.58
298.643
298.707
298.77
298.832
298.897
298.96
299.023
299.087
299.151
299.214
299.276
299.34
299.404
298.903
298.943
298.612
298.292
298.324
298.09
298.006
297.923
297.839
297.756
297.673
297.589
297.506
297.422
297.339
297.257
297.173
297.089
297.007
296.924
296.839
296.756
296.673
296.59
296.506
296.423
296.339
296.255
296.173
296.09
296.006
295.923
295.839
295.756
295.673
295.589
295.506
295.422
295.339
295.256
295.173
295.088
295.006
294.923
294.839
294.756
294.673
294.59
294.505
294.422
294.339
294.256
294.173
294.088
294.006
293.923
293.839
293.756
293.673
293.59
293.506
293.423
293.339
293.256
293.173
293.09
293.006
292.923
292.839
292.756
292.674
292.59
292.507
292.423
292.339
292.256
292.173
292.09
292.005
291.924
291.839
291.756
291.673
291.589
291.507
291.423
291.34
291.257
291.173
291.089
291.007
290.923
290.84
290.756
290.674
290.59
290.506
290.424
290.339
290.256
290.174
290.09
290.007
289.923
289.84
289.757
289.672
289.589
289.507
289.424
289.34
289.256
289.173
289.09
289.006
288.923
288.839
288.756
288.672
288.589
288.507
288.423
288.339
288.257
288.173
288.09
288.007
287.923
287.84
287.756
287.673
287.59
287.507
287.423
287.339
287.257
287.173
287.091
287.006
286.923
286.84
286.756
286.673
286.59
286.507
286.423
286.34
286.257
286.173
286.09
286.006
285.923
285.839
285.756
285.673
285.59
285.507
285.423
285.339
285.257
285.173
285.09
285.007
284.923
284.84
284.757
284.673
284.59
284.507
284.423
284.34
284.257
284.174
284.09
284.006
283.923
283.84
283.757
283.673
283.591
283.507
283.422
283.339
283.257
283.173
283.09
283.006
282.924
282.84
282.756
282.673
282.59
282.507
282.423
282.34
282.257
282.174
282.09
282.007
281.924
281.84
281.756
281.674
281.59
281.507
281.424
281.34
281.257
281.173
281.09
281.007
280.924
280.84
280.757
280.674
280.59
280.506
280.423
280.34
280.256
280.173
280.089
280.006
279.924
279.84
279.757
279.674
279.59
279.507
279.424
279.34
279.257
279.173
279.09
279.007
278.924
278.84
278.757
278.674
278.589
278.507
278.424
278.34
278.257
278.173
278.09
278.007
277.923
277.84
277.757
277.673
277.59
277.507
277.424
277.34
277.257
277.173
277.09
277.007
276.923
276.84
276.757
276.674
276.59
276.507
276.424
276.34
276.258
276.174
276.09
276.008
275.924
275.84
275.757
275.674
275.59
275.508
275.424
275.34
275.257
275.174
275.09
275.006
274.923
274.84
274.758
274.673
274.59
271.659
271.469
269.394
267.382
267.143
265.554
264.731
263.91
263.087
262.266
261.443
260.621
259.797
258.976
258.154
257.331
256.509
255.687
254.865
254.042
253.22
252.398
251.576
250.753
249.93
249.109
248.287
247.465
246.642
245.82
244.997
244.176
243.353
242.531
241.709
240.886
240.064
239.242
238.42
237.597
236.775
235.953
235.13
234.308
233.486
232.664
231.842
231.019
230.197
229.375
228.552
227.73
226.908
226.085
225.263
224.441
223.619
222.797
221.974
221.152
220.329
219.508
218.685
217.863
217.041
216.219
215.396
214.573
213.752
212.929
212.107
211.285
210.463
209.641
208.818
207.997
207.174
206.352
205.529
204.707
203.884
203.063
202.24
201.418
200.596
199.773
198.951
198.129
197.307
196.485
195.662
194.84
194.017
193.195
192.373
191.551
190.728
189.906
189.084
188.262
187.44
186.617
185.796
184.973
184.151
183.328
182.507
181.684
180.862
180.04
179.217
178.395
177.572
176.75
175.928
175.105
174.283
173.461
172.639
171.816
170.994
170.173
169.35
168.528
167.706
166.883
166.061
165.239
164.416
163.594
162.772
161.95
161.127
160.305
159.483
158.661
157.839
157.016
156.194
155.371
154.549
153.727
152.905
152.082
151.26
150.438
149.616
148.794
147.971
147.149
146.327
145.505
144.682
143.86
143.038
142.216
141.393
140.571
139.749
138.926
138.104
137.282
136.46
135.638
134.815
133.993
133.17
132.349
131.526
130.704
129.882
129.059
128.237
127.415
126.593
125.77
124.948
124.126
123.303
122.481
121.659
120.837
120.015
119.192
118.37
117.548
116.726
115.903
115.081
114.259
113.436
112.614
111.792
110.97
110.148
109.325
108.503
107.681
106.859
106.036
105.214
104.392
103.569
102.747
101.925
101.103
100.28
99.4584
98.6361
97.8138
96.9912
96.169
95.3467
94.5248
93.7026
92.8802
92.0578
91.2359
90.4134
89.5912
88.7688
87.9469
87.1246
86.3021
85.4799
84.6577
83.8353
83.0131
82.1908
81.3687
80.5466
79.7241
78.902
78.0798
77.2573
76.435
75.6129
74.7904
73.9682
73.1463
72.3239
71.5016
70.6792
69.8572
69.035
68.2125
67.3903
66.5681
65.7458
64.9234
64.1014
63.279
62.4568
61.6345
60.8124
59.9899
59.1679
58.3456
57.5232
56.7011
55.8788
55.0565
54.2343
53.412
52.5897
51.7674
50.9452
50.1232
49.3007
48.4784
47.6562
46.834
46.0115
45.1896
44.3672
43.545
42.7226
41.9004
41.0782
40.2561
39.4336
38.6114
37.7891
36.9671
36.1447
35.3225
34.5002
39.3242
38.7135
41.8403
44.8398
44.3294
46.4894
47.132
47.7745
48.417
49.0596
49.7022
50.3448
50.9873
51.6299
52.2725
52.9151
53.5577
54.2003
54.8428
55.4854
56.128
56.7705
57.4131
58.0556
58.6983
59.3409
59.9834
60.626
61.2687
61.9113
62.5538
63.1963
63.8389
64.4814
65.1239
65.7665
66.4093
67.0517
67.6944
68.337
68.9795
69.622
70.2646
70.9072
71.5499
72.1921
72.8351
73.4774
74.12
74.7626
75.4051
76.048
76.6902
77.3329
77.9755
78.6182
79.2607
79.903
80.546
81.1885
81.831
82.4736
83.1162
83.7585
84.4014
85.0439
85.6863
86.3288
86.9717
87.6143
88.2568
88.8994
89.5415
90.1843
90.8271
91.4696
92.1124
92.7548
93.3972
94.0401
94.6824
95.3253
95.9675
96.6103
97.2529
97.8952
98.5379
99.1804
99.8229
100.466
101.108
101.751
102.393
103.036
103.678
104.321
104.964
105.607
106.249
106.891
107.534
108.176
108.819
109.462
110.104
110.747
111.389
112.032
112.675
113.317
113.96
114.603
115.245
115.887
116.53
117.173
117.815
118.458
119.1
119.743
120.385
121.028
121.67
122.314
122.956
123.598
124.241
124.883
125.526
126.169
126.811
127.454
128.096
128.739
129.382
130.024
130.667
131.309
131.952
132.594
133.237
133.88
134.522
135.165
135.807
136.45
137.093
137.735
138.378
139.02
139.663
140.305
140.948
141.59
142.233
142.876
143.518
144.16
144.804
145.446
146.088
146.731
147.374
148.016
148.659
149.302
149.944
150.587
151.229
151.872
152.514
153.157
153.8
154.442
155.085
155.727
156.37
157.013
157.655
158.298
158.94
159.583
160.225
160.868
161.51
162.153
162.796
163.438
164.081
164.723
165.366
166.008
166.651
167.293
167.936
168.578
169.221
169.864
170.506
171.149
171.792
172.434
173.077
173.719
174.362
175.004
175.647
176.289
176.932
177.575
178.217
178.86
179.502
180.145
180.788
181.43
182.073
182.715
183.358
184.0
184.643
185.285
185.928
186.571
187.213
187.856
188.498
189.141
189.784
190.427
191.07
191.711
192.354
192.997
193.639
194.282
194.925
195.568
196.209
196.852
197.495
198.138
198.78
199.422
200.066
200.708
201.35
201.992
202.636
203.278
203.921
204.563
205.206
205.849
206.491
207.134
207.776
208.419
209.061
209.704
210.347
210.989
211.632
212.274
212.916
213.559
214.202
214.845
215.488
216.13
216.772
217.414
218.057
218.7
219.342
219.985
220.628
221.27
221.913
222.555
223.198
223.84
224.483
225.125
225.768
226.411
227.053
227.696
228.338
228.981
229.624
227.387
227.921
226.549
225.243
225.726
224.848
224.744
224.639
224.534
224.43
224.325
224.221
224.117
224.012
223.907
223.803
223.698
223.594
223.489
223.384
223.28
223.176
223.071
222.966
222.862
222.758
222.653
222.549
222.444
222.339
222.235
222.13
222.025
221.922
221.816
221.712
221.608
221.503
221.398
221.294
221.19
221.085
220.981
220.876
220.772
220.667
220.562
220.458
220.354
220.249
220.144
220.04
219.935
219.831
219.726
219.623
219.517
219.413
219.308
219.203
219.099
218.995
218.89
218.785
218.681
218.577
218.473
218.368
218.263
218.158
218.054
217.949
217.845
217.741
217.636
217.531
217.427
217.323
217.218
217.113
217.009
216.904
216.8
216.695
216.591
216.486
216.382
216.277
216.173
216.068
215.963
215.859
215.754
215.65
215.546
215.441
215.337
215.231
215.127
215.023
214.918
214.814
214.709
214.605
214.5
214.396
214.291
214.187
214.081
213.978
213.873
213.768
213.663
213.559
213.455
213.35
213.246
213.141
213.036
212.932
212.828
212.724
212.619
212.514
212.409
212.305
212.201
212.096
211.992
211.887
211.783
211.678
211.574
211.468
211.365
211.26
211.155
211.051
210.947
210.842
210.738
210.633
210.528
210.424
210.319
210.215
210.11
210.006
209.901
209.798
209.692
209.587
209.483
209.379
209.274
209.169
209.065
208.96
208.856
208.752
208.647
208.543
208.438
208.333
208.23
208.125
208.02
207.915
207.811
207.706
207.602
207.497
207.393
207.288
207.183
207.079
206.975
206.87
206.766
206.661
206.556
206.452
206.348
206.243
206.138
206.034
205.93
205.825
205.72
205.615
205.511
205.406
205.303
205.198
205.093
204.989
204.884
204.78
204.675
204.571
204.466
204.362
204.257
204.152
204.048
203.943
203.839
203.734
203.63
203.525
203.421
203.316
203.212
203.107
203.003
202.898
202.793
202.689
202.584
202.48
202.375
202.271
202.167
202.062
201.957
201.853
201.748
201.644
201.54
201.434
201.33
201.225
201.122
201.016
200.912
200.808
200.704
200.598
200.494
200.39
200.285
200.18
200.076
199.971
199.867
199.762
199.657
199.554
199.449
199.345
199.24
199.136
199.031
198.926
198.822
198.717
198.613
198.508
198.404
198.3
198.195
198.09
197.985
197.882
197.777
197.672
197.567
197.463
197.358
197.254
197.15
197.045
196.94
196.836
196.732
196.626
196.523
196.418
196.314
196.208
196.104
196.0
195.895
195.79
195.686
195.582
195.477
196.956
196.91
197.913
198.881
198.864
199.595
199.902
200.207
200.513
200.82
201.127
201.433
201.739
202.045
202.351
202.657
202.963
203.27
203.577
203.882
204.189
204.495
204.801
205.107
205.414
205.72
206.026
206.332
206.639
206.945
207.25
207.557
207.863
208.17
208.475
208.782
209.089
209.395
209.701
210.007
210.313
210.619
210.926
211.232
211.538
211.844
212.151
212.457
212.763
213.069
213.375
213.682
213.988
214.294
214.6
214.907
215.213
215.52
215.826
216.132
216.438
216.744
217.05
217.357
217.663
217.969
218.275
218.581
218.889
219.194
219.5
219.806
220.112
220.419
220.725
221.031
221.338
221.644
221.95
222.257
222.563
222.869
223.175
223.481
223.788
224.094
224.4
224.706
225.013
225.318
225.625
225.931
226.237
226.544
226.85
227.156
227.462
227.769
228.074
228.381
228.687
228.994
229.3
229.606
229.912
230.218
230.524
230.831
231.137
231.443
231.75
232.056
232.362
232.669
232.974
233.281
233.587
233.894
234.199
234.506
234.812
235.118
235.424
235.731
236.037
236.343
236.649
236.955
237.262
237.568
237.875
238.18
238.487
238.793
239.099
239.406
239.712
240.017
240.324
240.63
240.936
241.242
241.549
241.855
242.162
242.468
242.774
243.08
243.387
243.693
243.999
244.305
244.611
244.917
245.223
245.53
245.836
246.143
246.449
246.755
247.062
247.368
247.674
247.98
248.286
248.592
248.899
249.205
249.511
249.817
250.124
250.43
250.736
251.043
251.349
251.655
251.961
252.268
252.574
252.88
253.186
253.493
253.799
254.105
254.411
254.717
255.024
255.33
255.636
255.942
256.248
256.554
256.861
257.167
257.473
257.779
258.086
258.392
258.698
259.004
259.311
259.617
259.923
260.229
260.535
260.842
261.148
261.454
261.761
262.067
262.374
262.68
262.986
263.292
263.598
263.904
264.211
264.516
264.823
265.129
265.435
265.741
266.047
266.355
266.66
266.967
267.273
267.579
267.885
268.191
268.498
268.804
269.111
269.416
269.723
270.029
270.336
270.641
270.948
271.254
271.56
271.866
272.173
272.478
272.785
273.091
273.398
273.704
274.01
274.316
274.623
274.928
275.236
275.54
275.847
276.153
276.459
276.766
277.073
277.379
277.685
277.99
278.298
278.603
278.909
279.215
279.522
279.829
280.135
280.441
280.747
281.054
281.36
281.666
281.972
282.278
282.585
282.89
283.197
283.504
283.809
284.116
284.422
284.728
285.035
285.341
285.646
285.954
286.259
286.565
286.872
287.178
287.485
287.791
288.097
288.403
288.709
289.015
289.321
289.628
289.934
290.24
290.547
290.852
291.159
291.465
291.772
292.078
292.384
292.69
292.996
293.303
293.609
293.915
294.221
294.527
294.833
295.141
295.446
295.752
294.62
294.873
294.173
293.506
293.733
293.28
293.213
293.146
293.079
293.011
292.944
292.877
292.811
292.745
292.678
292.61
292.543
292.476
292.409
292.343
292.276
292.209
292.142
292.075
292.007
291.941
291.874
291.807
291.741
291.674
291.607
291.54
291.472
291.406
291.34
291.272
291.206
291.139
291.072
291.005
290.937
290.871
290.804
290.737
290.67
290.603
290.536
290.47
290.402
290.336
290.269
290.202
290.135
290.068
290.002
289.933
289.867
289.8
289.734
289.667
289.6
289.533
289.467
289.399
289.333
289.266
289.2
289.132
289.065
288.998
288.931
288.863
288.797
288.73
288.663
288.596
288.53
288.463
288.396
288.329
288.262
288.195
288.128
288.061
287.994
287.927
287.86
287.793
287.727
287.66
287.593
287.526
287.459
287.392
287.325
287.258
287.191
287.125
287.057
286.991
286.923
286.856
286.79
286.724
286.656
286.59
286.523
286.456
286.388
286.323
286.255
286.188
286.121
286.054
285.987
285.921
285.854
285.786
285.72
285.653
285.585
285.52
285.451
285.386
285.319
285.251
285.184
285.118
285.05
284.983
284.917
284.851
284.783
284.716
284.649
284.583
284.516
284.448
284.382
284.315
284.248
284.182
284.114
284.048
283.981
283.914
283.847
283.779
283.712
283.645
283.58
283.511
283.445
283.378
283.31
283.245
283.178
283.111
283.044
282.977
282.91
282.842
282.776
282.71
282.643
282.575
282.508
282.442
282.376
282.308
282.241
282.174
282.108
282.041
281.974
281.906
281.84
281.772
281.706
281.639
281.572
281.505
281.438
281.371
281.305
281.238
281.17
281.104
281.037
280.97
280.903
280.836
280.769
280.702
280.635
280.568
280.501
280.435
280.368
280.301
280.235
280.167
280.1
280.034
279.966
279.9
279.833
279.765
279.699
279.632
279.565
279.498
279.431
279.365
279.298
279.231
279.163
279.097
279.029
278.963
278.895
278.829
278.761
278.696
278.629
278.562
278.494
278.428
278.361
278.294
278.228
278.16
278.094
278.026
277.959
277.893
277.826
277.759
277.691
277.625
277.559
277.492
277.423
277.358
277.29
277.224
277.157
277.09
277.023
276.956
276.889
276.822
276.755
276.69
276.622
276.554
276.488
276.421
276.354
276.287
276.22
276.154
276.087
276.02
275.953
275.886
275.82
275.751
275.685
275.618
275.552
275.485
275.418
275.351
275.284
275.217
275.15
275.082
275.016
274.949
274.882
274.815
274.748
274.682
271.498
271.315
269.068
266.891
266.652
264.939
264.064
263.189
262.313
261.438
260.562
259.687
258.811
257.936
257.06
256.185
255.31
254.434
253.559
252.683
251.808
250.932
250.057
249.182
248.307
247.431
246.555
245.68
244.805
243.929
243.054
242.178
241.303
240.428
239.552
238.676
237.801
236.925
236.05
235.175
234.299
233.424
232.548
231.672
230.797
229.923
229.047
228.171
227.295
226.42
225.545
224.67
223.794
222.919
222.043
221.168
220.292
219.416
218.541
217.665
216.79
215.915
215.039
214.164
213.289
212.413
211.537
210.663
209.787
208.912
208.036
207.16
206.284
205.41
204.533
203.659
202.783
201.908
201.032
200.158
199.281
198.406
197.531
196.655
195.78
194.905
194.029
193.154
192.278
191.403
190.528
189.652
188.776
187.901
187.025
186.15
185.274
184.399
183.524
182.648
181.773
180.897
180.022
179.146
178.271
177.394
176.52
175.645
174.769
173.894
173.019
172.143
171.267
170.392
169.517
168.641
167.766
166.89
166.014
165.14
164.264
163.388
162.513
161.637
160.762
159.887
159.011
158.136
157.26
156.385
155.51
154.634
153.758
152.883
152.007
151.132
150.257
149.381
148.506
147.63
146.755
145.879
145.004
144.128
143.253
142.378
141.502
140.627
139.751
138.876
138.0
137.126
136.25
135.375
134.499
133.624
132.748
131.873
130.997
130.122
129.246
128.371
127.495
126.62
125.745
124.869
123.994
123.119
122.243
121.367
120.492
119.616
118.741
117.866
116.99
116.115
115.239
114.364
113.488
112.613
111.738
110.862
109.987
109.111
108.236
107.36
106.485
105.61
104.734
103.858
102.983
102.108
101.232
100.357
99.4813
98.6058
97.7305
96.8552
95.9797
95.1041
94.2287
93.3532
92.4779
91.6024
90.727
89.8515
88.9762
88.1009
87.2252
86.3496
85.4742
84.5988
83.7234
82.848
81.9727
81.0973
80.2215
79.3465
78.471
77.5953
76.7201
75.8445
74.9689
74.0937
73.2181
72.3428
71.4674
70.592
69.7166
68.8408
67.9656
67.0901
66.2147
65.3392
64.4639
63.5886
62.713
61.8377
60.9621
60.0866
59.2114
58.3357
57.4603
56.5849
55.7095
54.8343
53.9585
53.0832
52.2078
51.3324
50.4568
49.5815
48.706
47.8305
46.9551
46.0797
45.2043
48.6775
47.9649
50.1308
52.1988
51.5636
52.985
53.2377
53.4905
53.7433
53.9959
54.2487
54.5014
54.7541
55.0068
55.2597
55.5124
55.765
56.0178
56.2706
56.5232
56.776
57.0288
57.2814
57.5342
57.787
58.0397
58.2925
58.5451
58.7977
59.0507
59.3033
59.5559
59.8089
60.0613
60.3143
60.567
60.8198
61.0726
61.3253
61.5781
61.8306
62.0835
62.3363
62.5888
62.8417
63.0942
63.3471
63.5998
63.8526
64.1053
64.3579
64.6107
64.8635
65.1161
65.3689
65.6217
65.8744
66.1272
66.3799
66.6328
66.8853
67.138
67.3907
67.6434
67.8963
68.1488
68.4016
68.6547
68.9071
69.1599
69.4126
69.6653
69.918
70.1709
70.4237
70.6761
70.9291
71.1817
71.4344
71.6874
71.9401
72.1926
72.4455
72.6982
72.9511
73.2037
73.4564
73.7091
73.9617
74.2144
74.4674
74.7199
74.9727
75.2253
75.4784
75.731
75.9837
76.2363
76.4892
76.7418
76.9947
77.2474
77.5
77.7527
78.0056
78.2584
78.5108
78.7636
79.0167
79.269
79.522
79.7746
80.0274
80.2802
80.5328
80.7858
81.0383
81.2913
81.5439
81.7966
82.0494
82.3022
82.5548
82.8073
83.0603
83.3128
83.5655
83.8186
84.0713
84.3238
84.5766
84.8293
85.082
85.3348
85.5875
85.8403
86.0929
86.3456
86.5987
86.8514
87.104
87.3568
87.6093
87.8622
88.1148
88.3676
88.6204
88.8729
89.1258
89.3787
89.6315
89.8841
90.1368
90.3896
90.6423
90.8954
91.1476
91.4005
91.6533
91.906
92.1584
92.4112
92.6641
92.9169
93.1694
93.4223
93.675
93.9275
94.1804
94.433
94.686
94.9385
95.1915
95.4441
95.6968
95.9496
96.2023
96.4551
96.7079
96.9605
97.2132
97.4661
98.2717
98.5454
99.1845
99.8118
100.095
100.64
101.036
101.433
101.829
102.225
102.621
103.017
103.413
103.809
104.206
104.602
104.998
105.395
105.79
106.187
106.583
106.979
107.375
107.772
108.168
108.564
108.96
109.356
109.752
110.149
110.545
110.941
111.337
111.733
112.13
112.526
112.922
113.319
113.715
114.111
114.507
114.903
115.3
115.695
116.091
116.488
116.884
117.28
117.677
118.073
118.469
118.865
119.262
119.658
120.054
120.45
120.846
121.242
121.639
122.035
122.431
122.827
123.223
123.619
124.016
124.412
124.808
125.205
125.601
125.997
126.393
126.789
127.186
127.582
127.978
128.374
128.77
129.167
129.563
129.959
130.355
130.751
131.148
131.544
131.94
132.336
132.732
133.128
133.525
133.921
134.317
134.714
135.11
135.506
135.902
136.298
136.695
137.091
137.487
137.883
138.279
138.676
139.072
139.468
139.864
140.26
136.792
137.044
134.738
132.518
132.701
131.056
130.45
129.844
129.238
128.631
128.025
127.418
126.812
126.206
125.6
124.994
124.388
123.781
123.175
122.569
121.962
121.356
120.75
120.144
119.537
118.931
118.325
117.718
117.112
116.506
115.9
115.294
114.687
114.081
113.475
112.869
112.262
111.656
111.05
110.443
109.837
109.231
108.625
108.018
107.412
106.806
106.2
105.593
104.987
104.381
103.775
103.168
102.562
101.956
101.349
100.743
100.136
99.5302
98.9243
98.3178
97.7118
97.1056
96.4991
95.8928
95.2867
94.6804
94.0739
93.4678
92.8614
92.2553
91.649
91.0429
90.4365
89.8303
89.2242
88.6179
88.0117
87.4052
86.7993
86.1929
85.5863
84.9803
84.3741
83.7675
83.1613
82.5554
81.949
81.3429
80.7363
80.1299
79.5237
78.9175
78.3113
77.7049
77.0987
76.4923
75.8863
75.28
74.6738
74.0675
73.4611
72.8549
72.2485
71.6423
71.0362
70.4297
69.8235
69.2172
68.6109
68.0047
67.3985
66.7924
66.1861
65.5799
64.9734
64.3671
63.761
63.1548
62.5483
61.9421
61.336
60.7295
60.1232
59.5172
58.9106
58.3043
57.6982
60.2489
59.7611
61.3628
62.8931
62.4616
63.5225
63.7354
63.948
64.1608
64.3733
64.5864
64.799
65.0119
65.2246
65.4374
65.6502
65.8629
66.0756
66.2882
66.5012
66.7138
66.9265
67.1393
67.352
67.5647
67.7776
67.9903
68.2031
68.4158
68.6285
68.8413
69.0541
69.2669
69.4795
69.6924
69.905
70.118
70.3306
70.5436
70.7561
70.9688
71.1817
71.3942
71.6073
71.8199
72.0326
72.2455
71.6725
71.8558
71.5192
71.2
71.3693
71.1671
71.176
71.1848
71.1942
71.2029
71.2118
71.2209
71.2298
71.2387
71.2474
71.2565
71.2655
71.2743
71.2834
71.2922
71.3009
71.31
71.3191
71.328
71.3371
71.3457
71.3548
71.3636
71.3725
71.3815
71.3905
71.3993
71.4081
71.4173
71.4261
71.4349
71.4438
71.4529
71.4619
71.4708
71.4796
71.4886
71.4974
71.5066
71.5155
71.5245
71.5333
71.5421
71.5511
71.5602
71.569
71.578
71.5868
71.5958
71.6047
71.6137
71.6225
71.6315
71.6404
71.6494
71.6584
71.6672
71.6762
71.6851
71.6942
71.7029
71.7118
71.7207
71.7296
71.7386
71.7476
71.7566
71.7653
71.7742
71.7832
71.7923
71.8009
71.81
71.8191
71.8279
71.8367
71.8458
71.8546
71.8634
71.8727
71.8816
71.8904
71.8994
71.9082
71.9172
71.926
71.9349
71.944
71.953
71.9618
71.9709
71.9796
71.9886
71.9975
72.0067
72.0154
72.0244
72.0332
72.042
72.0511
72.0601
72.0692
72.0778
72.0868
72.0956
72.1046
72.1136
75.5172
75.6534
78.0363
80.343
80.5394
82.3413
83.2309
84.1205
85.01
85.8997
86.7895
87.6788
88.5688
89.458
90.3478
91.2373
92.1267
93.0165
93.9062
94.7958
95.6853
96.5751
97.4645
98.3545
99.2439
100.134
101.023
101.913
102.802
103.692
104.581
105.471
106.361
107.25
108.14
109.03
109.919
110.808
111.698
112.588
113.477
114.367
115.257
116.146
117.036
117.926
118.815
119.705
120.595
121.484
122.373
123.263
124.152
125.043
125.932
126.822
127.711
128.601
129.49
130.38
131.27
132.159
133.049
133.938
134.828
135.718
136.608
137.497
138.387
139.276
140.166
141.055
141.945
142.835
143.724
144.614
145.503
146.393
147.283
148.172
149.062
149.952
150.841
151.731
152.62
153.51
154.399
155.289
156.179
157.068
157.958
158.848
159.737
160.626
161.516
162.406
163.295
164.185
165.075
165.965
166.854
167.743
168.633
169.522
170.412
171.302
172.191
173.081
173.971
174.86
175.75
176.64
177.529
178.419
179.308
180.198
181.088
181.977
182.867
183.756
184.646
185.536
186.425
187.315
188.204
189.095
189.984
190.873
191.763
192.653
193.542
194.432
195.321
196.211
197.1
197.99
198.879
199.77
200.66
201.549
202.438
203.328
204.217
205.107
205.997
206.886
207.776
208.665
209.555
210.445
211.334
212.224
213.114
214.003
214.893
215.782
216.672
217.562
218.451
219.34
220.231
221.12
222.009
222.899
223.789
224.679
225.568
226.457
227.348
228.238
229.127
230.016
230.906
231.796
232.685
233.574
234.464
235.354
236.243
237.133
238.023
238.912
239.801
240.692
241.581
242.47
243.36
244.25
245.139
246.029
246.919
247.808
248.698
249.587
250.477
251.367
252.256
253.146
254.035
254.925
255.815
256.704
257.594
258.483
259.372
260.263
261.152
262.042
262.931
263.822
264.711
265.601
266.49
267.379
268.27
269.159
270.048
270.938
271.827
272.717
273.607
274.497
275.386
276.275
277.166
278.055
278.944
279.834
280.724
281.613
282.504
283.392
284.283
285.172
286.061
286.951
287.84
288.729
289.621
290.51
291.399
292.289
293.178
294.068
294.957
295.846
296.736
297.626
298.516
299.405
300.294
301.185
302.074
302.964
303.854
304.743
305.633
306.523
307.412
308.301
309.192
310.08
310.97
311.859
312.748
313.639
314.529
315.418
316.308
317.198
318.087
318.977
319.867
320.756
321.646
322.536
323.425
324.314
325.204
326.093
326.983
327.873
328.762
329.652
330.542
331.432
332.321
333.211
334.1
334.99
330.76
331.458
328.767
326.191
326.798
324.984
324.545
324.106
323.667
323.23
322.791
322.352
321.914
321.475
321.036
320.597
320.159
319.72
319.282
318.844
318.405
317.967
317.528
317.089
316.65
316.211
315.774
315.334
314.896
314.457
314.019
313.58
313.142
312.704
312.264
311.826
311.387
310.95
310.51
310.072
309.633
309.194
308.757
308.317
307.879
307.441
307.002
306.563
306.125
305.686
305.247
304.809
304.37
303.931
303.493
303.054
302.616
302.177
301.739
301.302
300.862
300.423
299.984
299.547
299.108
298.67
298.231
297.792
297.354
296.914
296.477
296.037
295.599
295.16
294.722
294.283
293.845
293.406
292.968
292.529
292.091
291.652
291.213
290.775
290.337
289.898
289.459
289.021
288.582
288.143
287.705
287.266
286.827
286.389
285.951
285.512
285.074
284.634
284.196
283.757
283.318
282.88
282.442
282.003
281.565
281.125
280.688
280.25
279.81
279.372
278.933
278.494
278.056
277.618
277.178
276.741
276.302
275.863
275.424
274.986
274.548
274.109
273.67
273.233
272.794
272.356
271.916
271.477
271.039
270.601
270.162
269.723
269.285
268.846
268.408
267.97
267.531
267.092
266.654
266.215
265.777
265.338
264.899
264.461
264.022
263.583
263.144
262.706
262.267
261.829
261.39
260.952
260.514
260.075
259.636
259.197
258.759
258.32
257.881
257.443
257.004
256.566
256.128
255.689
255.251
254.811
254.374
253.935
253.497
253.057
252.619
252.18
251.742
251.303
250.865
250.426
249.987
249.549
249.111
248.672
248.234
247.795
247.355
246.917
246.478
246.041
245.602
245.163
244.724
244.286
243.848
243.409
242.97
242.532
242.093
241.655
241.216
240.778
240.339
239.9
239.461
239.023
238.585
238.147
237.708
237.269
236.83
236.392
235.954
235.514
235.076
234.637
234.199
233.76
233.321
232.883
232.444
232.006
231.568
231.128
230.69
230.251
229.813
229.375
228.936
228.497
228.059
227.62
227.182
226.744
226.304
225.866
225.427
224.989
224.551
224.112
223.673
223.235
222.796
222.357
221.919
221.48
221.041
220.603
220.165
219.726
219.288
218.849
218.41
217.971
217.533
217.095
216.657
216.217
215.779
215.34
214.902
214.463
214.024
213.586
213.147
212.708
212.27
211.832
211.393
210.954
210.515
210.078
209.638
209.201
208.762
208.323
207.884
207.446
207.007
206.569
206.13
205.691
205.253
204.814
204.376
203.938
203.499
203.06
202.621
201.934
201.486
200.873
200.266
199.814
199.244
198.741
198.237
197.734
197.231
196.728
196.224
195.722
195.218
194.715
194.211
193.709
193.205
192.702
192.199
191.696
191.192
190.688
190.186
189.684
189.18
188.677
188.173
187.671
187.166
186.663
186.16
185.658
185.154
184.651
184.148
183.645
183.141
182.638
182.135
181.631
181.129
180.625
180.122
179.619
179.116
178.612
178.11
177.606
177.103
176.599
176.096
175.593
175.089
174.587
174.083
173.58
173.078
172.574
172.071
171.567
171.064
170.561
170.057
169.554
169.051
168.548
168.046
167.542
167.039
166.535
166.033
165.529
165.026
164.523
164.019
163.517
163.013
162.51
162.007
161.503
161.0
160.497
159.994
159.491
158.988
158.485
157.981
157.478
156.974
156.471
155.968
155.465
154.962
154.458
153.956
153.452
152.949
152.446
151.943
151.44
150.937
150.433
149.93
149.427
148.923
148.421
147.917
147.414
146.911
146.408
145.904
145.401
144.898
144.395
143.892
143.388
142.885
142.382
141.879
141.376
140.872
140.369
139.866
139.363
138.86
138.357
137.853
137.35
136.847
136.344
135.84
135.337
134.834
134.331
133.828
133.324
132.821
132.318
131.814
131.312
130.809
130.305
129.802
129.299
128.796
128.292
127.789
127.286
126.783
126.28
125.777
125.273
124.77
124.267
123.764
123.26
122.757
122.254
121.751
121.248
120.744
120.241
119.738
119.235
118.732
118.228
117.725
117.222
116.719
116.215
115.713
115.209
114.706
114.203
113.7
113.196
112.693
112.19
111.687
111.184
110.681
110.177
109.674
109.171
108.668
108.165
107.661
107.158
106.655
106.152
105.649
105.145
104.642
104.139
103.636
103.133
102.629
102.126
101.623
101.12
100.616
100.113
99.6101
99.107
98.6038
98.1005
97.5972
97.0941
96.5908
96.088
95.5849
95.0812
94.5785
94.0749
93.5716
93.0686
92.5657
92.0622
91.5588
91.0559
90.5527
90.0493
89.5461
89.0429
88.54
88.0366
87.5337
87.0301
86.5271
86.0237
85.5205
85.0174
84.5141
84.0112
83.508
83.0045
82.5014
81.9984
81.4953
80.9918
80.4887
79.9854
79.4823
78.9792
78.476
77.9726
77.4693
76.9663
76.4634
75.9599
75.4569
74.9536
74.4503
73.9471
73.4438
72.9407
72.4374
71.9344
71.4313
70.9277
70.4247
69.9214
69.4184
68.9151
68.412
67.9088
67.4055
66.9024
66.3991
65.896
65.3929
64.8897
64.3864
63.8832
63.3801
62.8766
62.3738
61.8702
61.3669
60.8639
60.3608
59.8576
59.3542
58.8512
58.3478
57.8448
57.3416
56.8385
56.3352
55.832
55.3288
54.8257
54.3224
53.8192
53.3159
52.8127
52.3097
51.8063
51.3032
50.7999
50.2968
49.7936
49.2904
48.7871
48.2841
47.7809
47.2776
46.7744
46.2713
62.5035
62.6273
73.8287
84.6531
85.074
93.41
97.2486
101.087
104.925
108.764
112.602
116.441
120.28
124.118
127.956
131.795
135.633
139.472
143.311
147.149
150.988
154.826
158.665
162.503
166.342
170.18
174.018
177.857
181.696
