118.598
118.558
118.519
118.478
118.438
118.398
118.358
118.318
118.278
118.238
118.198
118.158
118.118
118.077
118.038
117.998
117.958
117.917
117.877
117.837
117.797
117.757
117.717
117.677
117.637
117.597
117.557
117.517
117.477
117.437
117.396
117.357
117.316
117.276
117.236
117.196
117.157
117.116
117.076
117.036
116.996
116.956
116.916
116.876
116.835
116.796
116.755
116.715
116.675
116.635
116.595
116.555
116.515
116.475
116.435
116.395
116.355
116.315
116.275
116.235
116.195
116.155
116.115
116.075
116.034
115.994
115.954
115.914
115.874
115.834
115.794
115.754
115.714
115.674
115.634
115.594
115.554
115.514
115.474
115.434
115.393
115.353
115.313
115.273
115.233
115.193
115.153
115.113
115.073
115.032
114.993
114.953
114.912
114.872
114.833
114.792
114.752
114.712
114.672
114.632
114.592
114.552
114.512
114.472
114.432
114.392
114.352
114.312
114.272
114.232
114.191
114.151
114.111
114.071
114.031
113.991
113.951
113.911
113.871
113.831
113.791
113.751
113.71
113.671
113.63
113.59
113.55
113.51
113.47
113.43
113.39
113.35
113.31
113.27
113.23
113.19
113.15
113.11
113.07
113.029
112.989
112.949
112.909
112.869
112.829
112.789
112.749
112.709
112.669
112.629
112.589
112.549
112.509
112.469
112.429
112.389
112.349
112.309
112.268
112.228
112.188
112.148
112.108
112.068
112.028
111.988
111.948
111.908
111.868
111.828
111.787
111.747
111.707
111.667
111.627
111.588
111.547
111.507
111.467
111.427
111.387
111.347
111.307
111.267
111.227
111.186
111.146
111.107
111.066
111.026
110.986
110.946
110.906
110.866
110.826
110.786
110.746
110.706
110.665
110.626
110.586
110.546
110.506
110.466
110.426
110.385
110.345
110.305
110.265
110.225
110.185
110.145
110.105
110.065
110.025
109.985
109.945
109.904
109.865
109.824
109.785
109.744
109.704
109.664
109.624
109.584
109.544
109.504
109.464
109.424
109.384
109.343
109.303
109.264
109.223
109.184
109.143
109.103
109.063
109.023
108.983
108.943
108.903
108.863
108.823
108.783
108.743
108.703
108.662
108.622
108.582
108.543
108.502
108.462
108.422
108.382
108.342
108.302
108.262
108.222
108.182
108.142
108.102
108.062
108.022
107.981
107.941
107.901
107.861
107.821
107.781
107.741
107.701
107.661
107.621
107.581
107.541
107.501
107.461
107.421
107.38
107.34
107.3
107.26
107.22
107.18
107.14
107.1
107.06
107.02
106.98
106.94
106.9
106.86
106.819
106.779
106.74
106.699
106.659
106.619
106.579
106.539
106.499
106.459
106.419
106.379
106.339
106.299
106.259
106.218
106.178
106.139
106.099
106.058
106.018
105.978
105.938
105.898
105.858
105.818
105.778
105.738
105.698
105.658
105.618
105.578
105.537
105.497
105.457
105.417
105.377
105.337
105.297
105.257
105.217
105.177
105.137
105.097
105.057
105.017
104.977
104.936
104.897
104.856
104.816
104.777
104.736
104.696
104.656
104.616
104.576
104.536
104.496
104.456
104.416
104.376
104.336
104.295
104.255
104.215
104.175
104.135
104.095
104.055
104.015
103.975
103.935
103.895
103.855
103.815
103.775
103.735
103.694
103.655
103.615
103.574
103.534
103.494
103.454
103.414
103.374
103.334
103.294
103.254
103.214
103.174
103.134
103.093
103.053
103.013
102.973
102.933
102.893
102.853
102.813
102.773
102.733
102.693
102.653
102.613
102.573
102.533
102.493
102.453
102.412
102.372
102.332
102.292
102.252
102.212
102.172
102.132
102.092
102.052
102.012
101.972
101.931
101.892
101.852
101.811
101.771
101.732
101.691
101.651
101.611
101.571
101.531
101.491
101.451
101.411
101.371
101.331
101.291
101.25
101.211
101.17
101.13
101.09
101.05
101.01
100.97
100.93
100.89
100.85
100.81
100.77
100.73
100.69
100.649
100.609
100.569
100.529
100.489
100.449
100.409
100.369
100.329
100.289
100.249
100.209
100.169
100.129
100.089
100.049
100.009
99.9685
99.9285
99.8885
99.8484
99.8083
99.7681
99.7283
99.688
99.6477
99.6079
99.568
99.5278
99.4876
99.4476
99.4074
99.3673
99.3276
99.2874
99.2474
99.2072
99.1671
99.1272
99.0871
99.047
99.0069
98.9669
98.927
98.8866
98.8468
98.8064
98.7665
98.7263
98.6863
98.6462
98.6061
98.5659
98.526
98.4864
98.446
98.4059
98.3658
98.3257
98.2859
98.2456
98.2058
98.1657
98.1257
98.0858
98.0457
98.0053
97.9653
97.9253
97.8853
97.845
97.8051
97.7651
97.7247
97.6848
97.6448
97.6047
97.5645
97.5245
97.4845
97.4445
97.4046
97.3646
97.3242
97.2843
97.244
97.204
97.164
97.1238
97.0838
97.0437
97.0035
96.9638
96.9232
96.8835
96.8437
96.8036
96.7632
96.7236
96.6833
96.643
96.6033
96.5629
96.5228
96.4829
96.4428
96.4028
96.3626
96.3228
96.2825
96.2424
96.2026
96.1625
96.1224
96.0823
96.0423
96.0021
95.9621
95.9219
95.8818
95.842
95.8016
95.7617
95.7214
95.6817
95.6414
95.6012
95.5614
95.5214
95.4811
95.4415
95.4014
95.3609
95.3211
95.2807
95.2407
95.2009
95.1608
95.1207
95.0807
95.0406
95.0003
94.9604
94.9202
94.8802
94.8402
100.42
100.59
104.48
108.244
108.514
111.442
112.86
114.278
115.696
117.114
118.532
119.949
121.367
122.785
124.203
125.621
127.038
128.456
129.874
131.292
132.71
134.128
135.545
136.963
138.381
139.799
141.217
142.635
144.052
145.47
146.888
148.306
149.724
151.142
152.559
153.977
155.396
156.813
158.231
159.649
161.066
162.484
163.902
165.32
166.737
168.156
169.574
170.992
172.41
173.827
175.245
176.663
178.08
179.499
180.916
182.334
183.752
185.169
186.588
188.005
189.423
190.841
192.259
193.677
195.095
196.513
197.931
188.609
189.624
183.531
177.679
178.504
174.25
172.881
171.513
170.145
168.777
167.407
166.04
164.671
163.303
161.935
160.566
159.198
157.829
156.461
155.093
153.725
152.356
150.988
149.619
148.251
146.883
145.514
144.146
142.778
141.409
140.041
138.673
137.305
135.936
134.568
133.199
131.831
130.462
129.094
127.726
126.357
124.989
123.621
122.253
120.884
119.515
118.147
116.779
115.411
114.042
112.674
111.306
109.937
108.569
107.2
105.832
104.464
107.593
106.392
108.169
109.844
108.724
109.731
109.529
109.328
109.126
108.924
108.722
108.521
108.319
108.117
107.915
107.714
107.512
107.31
107.108
106.907
106.705
106.503
106.301
106.1
105.898
105.696
105.495
105.293
105.091
104.889
104.687
104.486
104.284
104.083
103.88
103.679
103.477
103.275
103.073
102.872
102.67
102.468
102.267
102.065
101.863
101.661
101.46
101.258
101.056
100.854
100.653
100.451
100.249
100.047
99.8455
99.6439
99.4422
99.2406
99.0386
98.8369
98.6352
98.4333
98.2316
98.03
97.8284
97.6266
97.425
97.2228
97.0212
96.8194
96.6179
96.4163
96.2143
96.0125
95.8109
95.6089
95.4073
95.2055
95.0036
94.8019
94.6001
94.3987
94.1968
93.9953
93.7934
93.5917
93.3896
93.1882
92.9862
92.7846
92.5828
92.3814
92.1792
91.9774
91.776
91.5742
91.3724
91.1707
90.9687
90.7673
90.5654
90.3637
90.1621
89.9603
89.7585
89.557
89.3548
89.1535
88.9516
88.7498
88.5481
88.3464
88.1445
87.943
96.7778
96.915
103.034
108.949
109.246
113.817
115.96
118.103
120.245
122.389
124.531
126.674
128.816
130.959
133.102
135.245
137.387
139.53
141.673
143.815
145.959
148.101
150.244
152.387
154.529
156.672
158.815
160.957
163.1
165.243
167.386
169.529
171.672
173.814
175.956
178.1
180.242
182.385
184.528
186.67
188.813
190.956
177.626
179.189
170.511
162.18
163.469
157.439
155.568
153.697
151.826
149.954
148.083
146.211
144.34
142.469
140.597
138.726
136.855
134.983
133.112
131.241
129.37
127.499
125.627
123.755
121.884
120.013
118.142
116.27
114.398
112.528
110.656
108.785
106.914
105.042
103.171
101.299
99.4284
97.5568
95.6854
93.8142
91.9428
90.0718
88.2003
86.3289
84.4576
82.5864
80.7151
78.8437
76.9722
75.1008
73.2299
71.3587
69.4872
67.6159
65.7444
63.8732
62.0019
60.1303
58.2593
56.3877
54.5164
52.645
50.7738
48.9025
47.0311
45.1599
43.2886
41.4172
39.5459
37.6746
57.6756
56.6239
70.0499
82.9831
82.3199
92.001
95.8038
99.607
103.41
107.213
111.016
114.819
118.622
122.425
126.228
130.031
133.834
137.638
141.441
145.244
149.047
152.85
156.653
160.456
164.259
168.062
171.865
175.668
179.471
183.275
187.078
190.881
194.684
198.487
202.29
206.093
209.896
213.699
217.502
221.306
225.108
228.911
232.715
236.518
240.321
244.124
247.927
251.73
255.533
259.337
263.139
266.942
270.745
274.548
278.351
282.155
285.958
289.76
293.564
297.366
301.17
282.984
285.962
274.386
263.306
265.895
258.083
256.182
254.279
252.377
250.477
248.574
246.674
244.772
242.87
240.968
239.067
237.165
235.263
233.362
231.46
229.559
227.657
225.755
223.853
221.952
220.049
218.148
216.246
214.344
212.443
210.542
208.64
206.738
204.836
202.935
201.033
199.131
197.23
195.328
193.426
191.524
189.623
187.721
185.819
183.918
182.016
180.115
178.213
176.311
174.41
172.507
170.606
168.705
166.802
164.901
162.999
161.098
159.196
157.294
155.392
153.491
151.589
149.687
147.786
145.884
143.982
142.081
140.179
138.277
136.376
134.474
132.572
130.671
128.769
126.867
124.965
123.064
121.162
119.26
117.359
115.457
113.555
111.653
109.752
107.851
105.949
104.047
102.145
100.243
98.3417
96.4401
94.5384
92.6367
90.7348
88.8334
86.9318
85.03
83.1287
81.2269
79.3249
77.4233
75.5215
73.6201
71.7183
69.8167
67.9149
66.0135
64.1115
62.2099
60.3083
58.4066
56.505
61.7882
60.1555
63.279
66.24
64.7353
66.6285
66.5907
66.5529
66.5153
66.4774
66.4397
66.4019
66.3644
66.3265
66.2889
66.2511
66.2134
66.1755
66.1378
66.1001
66.0624
66.0246
65.9869
65.9492
65.9115
65.8736
65.8361
65.7981
65.7605
65.7229
65.6852
65.6473
65.6097
65.5718
65.5341
65.4965
65.4587
65.421
65.3833
65.3454
65.3079
65.2699
65.2323
65.1944
65.1568
65.119
65.0814
65.0437
65.0058
64.9681
64.9301
64.8925
64.8549
77.323
77.7541
86.4629
94.8899
95.543
102.11
105.317
108.524
111.731
114.938
118.144
121.351
124.557
127.764
130.971
134.178
137.384
140.591
143.798
147.005
150.212
153.418
156.624
159.831
163.038
166.245
169.451
172.658
175.865
179.072
182.278
185.485
188.692
191.899
195.105
198.312
201.519
204.726
207.932
211.139
214.346
217.553
220.759
223.965
227.172
230.379
233.586
236.793
239.999
243.206
246.413
249.619
252.827
256.033
259.24
262.446
265.653
268.86
244.798
246.983
231.118
215.868
217.568
206.372
202.505
198.637
194.769
190.901
187.034
183.165
179.298
175.43
171.562
167.695
163.827
159.96
156.091
152.224
148.357
144.488
140.621
136.753
132.885
129.018
125.15
121.282
117.415
113.547
109.68
105.812
101.944
98.0757
94.2083
90.3402
86.4723
82.6053
78.7374
74.8698
71.0018
67.1342
63.2664
59.3987
55.5312
51.6633
47.7958
43.9281
40.0604
36.1926
32.3248
28.4573
24.5894
36.6814
33.4116
40.7059
47.6406
44.6544
49.2161
49.4887
49.7614
50.034
50.3068
50.5796
50.8522
51.125
51.3976
51.6704
51.9432
52.2158
52.4885
52.7612
53.0339
53.3067
53.5794
53.8521
54.1249
54.3976
54.6702
54.943
55.2158
55.4886
55.761
56.0338
56.3066
56.5793
56.852
57.1247
57.3973
57.67
57.9429
58.2155
58.4884
58.7611
59.0337
59.3064
59.579
59.8518
60.1246
60.3972
60.6698
60.9426
61.2153
61.488
61.7606
62.0335
62.3061
62.579
62.8517
63.1243
63.3971
63.6697
63.9425
64.2151
64.4878
64.7606
65.0334
65.3061
65.5786
65.8514
66.124
66.397
66.6696
66.9423
67.2148
67.4877
67.7604
68.0332
68.306
68.5786
68.8513
69.124
69.3967
69.6693
69.9423
70.2148
70.4877
70.7602
71.0331
71.3058
71.5784
71.8512
72.1237
72.3966
72.6692
72.942
73.2146
73.4873
73.7601
74.0328
74.3055
74.5781
74.851
75.1237
75.3964
75.669
75.9419
76.2146
76.4872
76.7598
77.0326
77.3056
77.578
77.8508
78.1232
78.3963
78.6689
78.9415
79.2144
79.4871
79.7595
80.0324
80.3053
80.5779
79.2904
79.5047
78.6862
77.9029
78.0893
77.538
77.4058
77.2738
77.1418
77.0096
76.8776
76.7454
76.6135
76.4813
76.3493
76.217
76.0852
75.9532
75.8209
75.689
75.5569
75.4248
75.2926
75.1606
75.0284
74.8966
74.7643
74.6324
74.5004
74.368
74.2362
74.104
73.9721
73.84
73.7079
73.5759
73.4435
73.3117
73.1794
73.0474
72.9155
72.7834
72.6513
72.5195
72.3873
72.2551
72.1233
71.991
71.8589
71.7269
71.5947
71.4628
71.3307
76.6542
76.7265
80.4099
83.9705
84.1397
86.889
88.1725
89.4557
90.7389
92.0223
93.3053
94.5886
95.8718
97.1552
98.4386
99.7219
101.005
102.288
103.571
104.855
106.138
107.421
108.705
109.988
111.271
112.554
113.838
115.121
116.404
117.687
118.971
120.254
121.537
122.82
124.104
125.387
126.67
127.954
129.237
130.52
131.803
133.086
134.37
135.653
136.936
138.22
139.503
140.786
142.069
143.353
144.636
145.919
147.203
148.486
149.769
151.052
152.336
153.619
154.902
156.185
161.002
162.418
166.172
169.846
171.325
174.474
176.674
178.874
181.074
183.273
185.473
187.674
189.873
192.073
194.273
196.473
198.672
200.873
203.072
205.273
207.472
209.672
211.872
214.072
216.272
218.472
220.672
222.872
225.071
227.271
229.472
231.671
233.871
236.071
238.27
240.47
242.671
244.87
247.07
249.27
251.47
253.67
255.87
258.07
260.27
262.47
264.67
266.869
269.068
271.269
273.47
275.669
277.869
280.069
282.269
263.324
264.732
252.144
240.031
241.065
232.096
228.811
225.526
222.24
218.955
215.669
212.384
209.098
205.813
202.527
199.241
195.956
192.671
189.385
186.1
182.814
179.528
176.242
172.957
169.672
166.385
163.1
159.815
156.529
153.244
149.958
146.673
143.387
140.101
136.816
133.53
130.245
126.959
123.674
120.388
117.103
113.817
110.532
107.246
103.961
100.675
97.3895
94.1042
90.8188
87.5332
84.2474
80.9618
77.6765
74.3909
71.1051
67.8194
64.5343
61.2488
57.9634
54.6775
51.3923
48.1067
44.8212
61.409
58.8682
69.4819
79.648
77.4602
84.671
86.5413
88.4116
90.2816
92.152
94.0223
95.8926
97.763
99.6331
101.503
103.374
105.244
107.114
108.985
110.855
112.725
114.595
116.466
118.336
120.206
122.076
123.946
125.817
127.687
129.557
131.428
133.298
135.168
137.039
138.909
140.779
142.649
144.52
146.39
148.26
150.13
152.0
153.871
155.741
157.611
159.482
161.352
163.222
165.093
166.963
168.833
170.704
172.574
174.444
161.325
162.633
154.021
145.745
146.787
140.741
138.723
136.704
134.686
132.667
130.649
128.631
126.612
124.594
122.575
120.557
118.539
116.52
114.501
112.483
110.465
108.447
106.428
104.409
102.391
100.373
98.3543
96.3362
94.3175
92.2997
90.2806
88.2622
86.2441
84.2257
82.2069
80.1889
78.1702
76.1519
74.1334
72.1152
70.0967
68.0785
66.0599
64.0415
62.0233
60.0047
57.9864
55.968
53.9496
51.9311
49.9125
47.8942
45.8759
43.8574
50.8603
49.1801
53.4712
57.5588
56.0388
58.785
59.1073
59.4293
59.7511
60.0733
60.3952
60.7172
61.0391
61.3613
61.6833
62.0052
62.3273
62.6493
62.9712
63.2933
63.6152
63.9374
64.2595
64.5814
64.9035
65.2254
65.5476
65.8693
66.1916
66.5135
66.8355
67.1574
67.4795
67.8016
68.1237
68.4455
68.7675
69.0898
69.4116
69.7336
70.0556
70.3776
70.6997
71.0218
71.3437
71.6658
71.9877
72.3096
72.632
72.9539
73.2758
73.5978
73.9197
74.2417
74.564
74.8858
75.2078
75.5298
75.8518
86.3028
87.0046
94.4109
101.589
102.47
108.142
111.092
114.042
116.992
119.942
122.892
125.841
128.791
131.741
134.691
137.641
140.591
143.54
146.49
149.44
152.39
155.34
158.29
161.24
164.19
167.139
170.089
173.038
175.989
178.939
181.888
184.838
187.788
190.738
193.687
196.638
199.587
202.537
205.487
208.437
211.387
214.336
217.286
220.236
223.186
226.136
229.085
232.035
234.985
237.935
240.885
243.835
246.785
249.735
252.684
255.634
258.584
261.534
264.484
267.434
247.507
249.6
236.55
224.014
225.701
216.568
213.583
210.598
207.613
204.627
201.643
198.657
195.673
192.687
189.702
186.717
183.732
180.747
177.762
174.776
171.791
168.806
165.821
162.836
159.851
156.866
153.881
150.895
147.91
144.925
141.94
138.955
135.969
132.984
129.999
127.014
124.029
121.044
118.059
115.074
112.088
109.103
106.118
103.133
100.148
97.1633
94.1775
91.1922
88.2074
85.2222
82.2372
79.2518
76.2666
73.282
70.2968
67.3114
64.3262
61.3412
58.3561
55.3711
52.3859
49.4006
46.4158
43.4306
40.4456
37.4601
34.4752
31.4902
50.4608
48.2987
60.6691
72.5452
70.7728
79.384
82.0953
84.8063
87.5171
90.2279
92.9392
95.65
98.3608
101.072
103.783
106.494
109.205
111.916
114.627
117.337
120.048
122.759
125.47
128.181
130.892
133.603
136.314
139.025
141.736
144.447
147.158
149.869
152.58
155.291
158.002
160.713
163.424
166.135
168.846
171.557
174.268
176.978
179.69
182.401
185.112
181.809
184.294
182.8
181.441
183.819
183.355
184.505
185.656
186.807
187.958
189.109
190.26
191.411
192.561
193.712
194.863
196.014
197.165
198.316
199.467
200.617
201.768
202.919
204.07
205.221
206.372
207.523
208.674
209.825
210.976
212.127
213.277
214.429
215.579
216.73
217.881
219.032
220.182
221.334
222.484
223.635
224.786
225.937
227.088
228.239
229.39
230.541
231.691
232.842
233.993
235.144
236.295
237.446
234.794
235.801
234.292
232.869
233.809
232.952
233.116
233.28
233.445
233.609
233.773
233.937
234.101
234.265
234.43
234.594
234.758
234.922
235.086
235.25
235.415
235.578
235.743
235.907
236.071
236.236
236.4
236.564
236.728
236.892
237.057
237.22
237.384
237.549
237.713
237.877
238.042
238.206
238.37
238.533
238.697
238.862
239.026
239.191
239.355
239.519
239.683
239.848
240.011
240.175
240.34
240.505
240.668
240.832
240.996
241.161
241.324
241.488
241.653
241.817
241.982
242.146
242.309
242.474
242.638
242.802
242.966
235.56
235.44
230.31
225.349
225.096
221.261
219.461
217.662
215.861
214.061
212.262
210.462
208.662
206.862
205.063
203.262
201.463
199.663
197.862
196.062
194.263
192.462
190.663
188.863
187.063
185.263
183.463
181.663
179.864
178.063
176.263
174.464
172.663
170.864
169.064
167.264
165.464
163.664
161.864
160.065
158.265
156.464
154.665
152.865
151.065
149.265
147.465
145.666
143.865
142.065
149.373
147.915
152.485
156.85
155.553
158.563
159.127
159.69
160.252
160.816
161.378
161.942
162.504
163.068
163.631
164.194
164.756
165.32
165.882
166.445
167.008
167.571
168.135
168.698
169.261
169.824
170.387
170.95
171.513
172.076
172.639
173.201
173.765
174.328
174.89
175.453
176.017
176.58
177.142
177.706
178.268
178.832
179.394
179.958
180.52
181.083
181.647
182.209
182.773
183.335
183.899
184.462
185.024
185.587
186.15
186.714
187.277
187.84
188.403
188.966
189.528
190.091
190.655
191.218
191.78
192.343
192.907
193.47
194.032
194.595
195.159
195.722
196.285
196.848
197.41
197.974
198.536
199.099
199.662
200.226
200.788
201.352
201.915
202.477
203.04
203.603
204.166
204.729
205.292
205.855
206.419
206.982
207.544
208.107
208.671
209.234
209.796
210.36
210.922
211.485
212.048
212.611
213.174
213.738
214.301
214.863
215.426
215.989
216.553
217.115
217.678
218.241
218.804
219.367
219.93
220.493
221.056
221.619
222.182
209.012
209.061
200.018
191.286
191.09
184.4
181.4
178.4
175.4
172.401
169.401
166.401
163.401
160.401
157.402
154.401
151.402
148.401
145.402
142.402
139.402
136.402
133.402
130.403
127.403
124.403
121.404
118.404
115.404
112.404
109.404
106.404
103.405
100.404
97.4046
94.4048
91.4051
88.4051
85.4052
82.4055
79.4055
76.4056
73.4058
70.4062
67.4062
64.4063
61.4068
58.407
83.5275
81.5812
98.2488
114.283
112.836
124.688
128.984
133.28
137.575
141.871
146.166
150.462
154.757
159.053
163.348
167.644
171.939
176.235
180.531
184.827
189.121
193.417
197.713
202.008
206.304
210.599
214.895
219.19
223.487
227.782
232.077
236.373
240.669
244.964
249.259
253.555
257.851
262.146
266.442
270.737
275.033
279.328
283.624
287.92
292.215
296.511
300.806
305.102
309.397
313.692
317.988
322.283
326.579
330.874
335.171
339.466
343.762
348.057
352.353
356.648
360.944
365.24
369.534
373.83
378.126
382.421
386.717
391.012
395.308
399.605
403.899
379.903
383.139
367.646
352.793
355.526
344.878
341.834
338.789
335.746
332.7
329.657
326.612
323.569
320.525
317.479
314.435
311.392
308.347
305.303
302.257
299.213
296.17
293.126
290.08
287.036
283.992
280.948
277.904
274.86
271.815
268.772
265.726
262.682
259.638
256.594
253.549
250.505
247.461
244.417
241.372
238.328
235.284
232.24
229.196
226.151
229.792
226.998
228.629
230.11
227.435
227.92
226.611
225.301
223.991
222.681
221.37
220.061
218.751
217.44
216.131
214.821
213.511
212.201
210.89
209.58
208.271
206.96
205.651
204.34
203.031
201.721
200.411
199.101
197.791
196.481
195.171
193.861
192.551
191.24
189.931
188.621
187.31
186.001
184.691
183.38
182.07
180.76
179.451
178.141
176.83
175.52
174.21
172.9
171.59
170.281
168.97
167.66
166.35
165.041
163.73
162.42
161.11
159.801
158.49
157.18
155.87
154.56
153.25
151.94
150.631
149.32
148.011
146.701
145.39
144.08
142.77
141.46
140.15
138.84
137.53
136.22
134.91
133.6
132.29
130.98
129.67
128.36
127.05
125.74
124.43
123.12
121.81
120.5
119.19
117.88
116.57
115.26
113.95
112.64
111.33
110.02
108.71
107.4
106.09
104.78
103.47
102.16
100.85
99.5402
98.2301
96.92
95.6102
94.3
92.99
91.6801
90.3697
89.0602
87.7499
86.4397
85.13
83.8197
82.5099
81.1998
79.8899
78.58
77.2701
75.9602
74.65
73.3398
72.0299
70.7199
69.4099
68.1001
66.7899
85.0448
84.4678
96.8415
108.774
108.545
117.568
121.334
125.1
128.866
132.631
136.397
140.163
143.928
147.695
151.46
155.226
158.991
162.757
166.523
170.289
174.055
177.82
181.586
185.352
189.117
192.883
196.648
200.415
204.181
207.947
211.712
215.478
219.244
223.01
226.775
230.542
234.307
238.073
241.838
245.604
249.369
253.136
256.901
260.667
264.433
268.198
271.965
258.131
261.238
252.694
244.548
247.343
241.813
241.013
240.212
239.413
238.613
237.813
237.013
236.213
235.413
234.613
233.813
233.013
232.214
231.413
230.613
229.814
229.013
228.214
227.414
226.614
225.814
225.014
224.213
223.413
222.613
221.814
221.014
220.214
219.414
218.614
217.814
217.014
216.215
215.414
214.615
213.814
213.014
212.214
211.415
210.614
209.814
209.014
208.215
207.414
206.614
205.815
205.015
204.215
203.415
202.615
201.815
201.015
200.215
199.415
198.615
197.815
197.015
196.215
195.416
194.615
191.735
190.858
188.603
186.395
185.481
183.582
182.242
180.903
179.563
178.223
176.884
175.545
174.205
172.866
171.526
170.187
168.846
167.507
166.168
164.828
163.489
162.149
160.809
159.47
158.13
156.791
155.451
154.111
152.772
151.432
150.094
148.754
147.414
146.074
144.735
143.395
142.056
140.716
139.377
138.037
136.697
135.358
134.018
132.679
131.34
129.999
128.66
127.32
125.981
124.641
123.302
121.962
120.623
122.072
120.837
121.448
121.996
120.81
120.944
120.328
119.712
119.096
118.48
117.864
117.248
116.632
116.016
115.399
114.784
114.168
113.552
112.935
112.319
111.703
111.087
110.471
109.855
109.239
108.623
108.007
107.391
106.775
106.159
105.543
104.927
104.311
103.695
103.079
102.463
101.847
101.231
100.615
99.9987
99.3827
98.7665
98.1506
97.5347
96.9185
96.3025
95.6864
95.0702
94.4544
93.8385
93.2222
92.6061
91.9903
91.3744
90.7582
90.1422
89.5261
88.91
88.2941
87.678
87.0619
86.446
85.83
85.2138
84.5978
83.982
83.3657
82.7497
82.1336
81.5177
80.9015
80.2854
79.6694
79.0536
78.4375
77.8216
77.2056
76.5895
75.9733
75.3571
74.7412
74.1252
73.5093
72.8932
72.2773
71.6611
71.0449
70.4292
69.8127
69.1969
68.581
67.9648
67.3488
66.7328
66.1167
65.5008
64.8849
64.2688
63.6527
63.0366
62.4204
61.8045
61.1884
60.5725
59.9562
59.3403
58.7242
58.1083
57.4923
56.8761
56.2602
55.6442
67.8645
67.7295
76.0911
84.1634
84.2563
90.4199
93.1343
95.8485
98.5626
101.277
103.991
106.705
109.419
112.133
114.847
117.562
120.276
122.99
125.704
128.418
131.132
133.846
136.56
139.275
141.989
144.703
147.417
150.131
152.845
155.56
158.273
160.988
163.701
166.416
169.13
171.844
174.558
177.272
179.987
182.701
185.415
188.129
190.843
193.557
196.271
198.986
201.699
204.413
207.128
193.984
196.104
187.727
179.708
181.546
175.885
174.485
173.085
171.685
170.285
168.885
167.485
166.085
164.685
163.285
161.885
160.486
159.086
157.686
156.286
154.886
153.486
152.086
150.686
149.286
147.886
146.486
145.086
143.686
142.287
140.887
139.486
138.087
136.687
135.287
133.887
132.487
131.087
129.687
128.288
126.887
125.487
124.088
122.687
121.288
119.888
118.488
117.088
115.688
114.288
112.888
111.488
110.088
108.688
107.288
105.888
104.488
103.089
101.689
100.289
98.8888
97.4889
96.0887
94.6891
93.2889
103.096
102.115
108.553
114.739
113.958
118.476
119.984
121.491
122.999
124.506
126.014
127.521
129.028
130.535
132.043
133.55
135.058
136.565
138.072
139.58
141.087
142.595
144.102
145.609
147.117
148.624
150.131
151.639
153.146
154.654
156.161
157.669
159.176
160.683
162.19
163.698
165.206
166.712
168.22
169.728
171.235
172.742
174.25
175.757
177.264
178.772
180.279
181.787
183.294
184.801
186.308
187.817
189.323
190.831
192.338
193.846
195.353
196.86
198.368
199.875
201.383
202.89
204.397
205.905
207.413
208.92
210.427
208.633
210.017
209.215
208.488
209.813
209.577
210.227
210.878
211.53
212.181
212.831
213.482
214.133
214.784
215.435
216.086
216.736
217.387
218.039
218.689
219.341
219.991
220.642
221.293
221.944
222.595
223.246
223.896
224.548
225.198
225.849
226.5
227.151
227.802
228.453
229.104
229.755
230.406
231.057
231.707
232.358
233.009
233.66
234.311
234.962
235.613
236.264
236.915
237.565
238.216
238.867
239.518
240.169
240.82
241.471
242.122
242.773
243.424
244.075
244.725
245.377
246.027
246.679
247.329
247.98
248.631
249.282
249.933
250.585
251.235
251.886
252.537
253.188
253.839
254.489
255.14
255.791
256.442
257.093
257.744
258.395
259.045
259.697
260.348
260.998
261.65
262.3
262.951
263.603
264.253
264.904
265.555
266.206
266.857
267.508
268.159
268.809
269.46
270.111
270.762
271.413
272.064
272.715
273.365
274.017
274.667
264.816
265.072
258.378
251.919
251.99
247.093
245.02
242.946
240.872
238.798
236.724
234.65
232.576
230.502
228.428
226.354
224.28
222.206
220.132
218.058
215.985
213.91
211.836
209.762
207.688
205.615
203.54
201.467
199.393
197.318
195.244
193.17
191.097
189.022
186.949
184.875
182.801
180.727
178.653
176.579
174.504
172.431
170.357
168.283
166.209
164.135
162.061
159.987
157.913
155.839
153.765
151.691
149.617
147.543
160.846
159.348
168.028
176.361
175.137
181.184
183.1
185.015
186.93
188.845
190.76
192.675
194.59
196.505
198.421
200.336
202.251
204.166
206.081
207.997
209.911
211.827
213.742
215.657
217.572
219.487
221.402
223.318
225.233
227.148
229.063
230.978
232.893
234.808
236.724
238.639
240.553
242.469
244.384
246.3
248.214
250.129
252.045
253.96
255.876
257.791
259.705
261.621
263.536
265.451
267.367
269.282
271.196
273.112
275.027
276.942
278.857
280.772
282.688
276.341
277.947
274.084
270.407
271.867
269.419
269.191
268.963
268.734
268.506
268.278
268.05
267.823
267.594
267.367
267.139
266.91
266.682
266.455
266.226
265.998
265.77
265.541
265.313
265.086
264.857
264.629
264.401
264.174
263.945
263.717
263.489
263.26
263.032
262.805
262.577
262.348
262.12
261.893
261.665
261.436
261.208
260.98
260.752
260.524
260.296
260.068
259.84
259.612
259.385
259.156
258.928
258.7
258.471
258.244
258.016
257.788
252.102
251.669
247.624
243.702
243.172
240.062
238.418
236.774
235.13
233.486
231.842
230.198
228.554
226.91
225.267
223.622
221.978
220.334
218.69
217.046
215.402
213.759
212.114
210.469
208.827
207.182
205.538
203.894
202.25
200.606
198.962
197.318
195.674
194.03
192.386
190.742
189.099
187.454
185.811
184.166
182.523
180.878
179.234
177.591
175.946
174.303
172.659
171.015
169.371
167.727
166.083
164.439
162.795
161.15
159.506
157.862
156.218
154.575
152.931
151.287
149.643
147.998
146.355
144.711
143.067
141.423
139.779
138.134
136.491
134.847
133.203
131.559
129.915
128.271
126.627
124.983
123.339
121.695
120.051
118.407
116.763
115.119
113.476
111.831
110.187
108.543
106.899
105.255
103.611
101.967
100.323
98.6793
97.0353
95.3913
93.7474
92.1034
90.4594
88.8155
87.1716
85.528
83.8835
82.2395
80.5955
78.9518
77.3077
75.6636
74.0198
72.3758
70.7318
69.0877
67.4439
65.7997
64.156
62.5119
60.868
59.2241
57.5798
55.9361
61.0068
59.6145
62.6667
65.5675
64.2944
66.1967
66.295
66.393
66.491
66.5891
66.6872
66.7851
66.8832
66.9811
67.0792
67.1773
67.2752
67.3734
67.4714
67.5694
67.6674
67.7655
67.8635
67.9614
68.0596
68.1576
68.2557
68.3537
68.4517
68.5499
68.6478
68.7458
68.8439
68.942
69.04
69.138
69.2361
69.334
69.432
69.5302
69.6282
69.7262
69.8241
69.9223
70.0203
70.1185
70.2164
70.3142
70.4124
70.5103
70.6085
79.1481
79.5622
85.5644
91.3759
91.94
96.4968
98.7847
101.073
103.361
105.649
107.937
110.225
112.513
114.801
117.089
119.377
121.665
123.953
126.241
128.529
130.817
133.105
135.393
137.681
139.969
142.257
144.545
146.833
149.121
151.409
153.697
155.984
158.273
160.561
162.849
165.137
167.425
169.713
172.001
174.289
176.577
178.865
181.153
183.441
185.729
188.017
190.305
192.593
194.881
197.169
199.457
201.745
204.033
206.322
208.608
210.897
213.185
215.473
217.762
205.769
207.522
199.824
192.446
193.945
188.691
187.275
185.858
184.442
183.026
181.609
180.192
178.776
177.359
175.942
174.526
173.109
171.693
170.276
168.859
167.443
166.026
164.61
163.192
161.776
160.359
158.942
157.527
156.11
154.693
153.277
151.86
150.443
149.027
147.61
146.193
144.777
143.36
141.944
140.528
139.111
137.694
136.278
134.861
133.444
132.028
130.612
129.195
127.778
126.362
124.945
123.529
122.111
120.695
119.278
117.862
116.445
115.028
113.612
112.196
116.853
115.664
118.496
121.191
120.11
121.901
122.061
122.22
122.379
122.539
122.698
122.857
123.016
123.176
123.335
123.494
123.654
123.813
123.972
124.132
124.291
124.45
124.61
124.769
124.928
125.087
125.246
125.406
125.565
125.724
125.883
126.043
126.202
126.361
126.521
126.68
126.839
126.998
127.158
127.317
127.477
127.636
127.795
127.954
128.113
128.273
128.432
128.591
128.751
128.91
129.069
129.229
129.388
129.546
129.707
129.866
130.025
130.184
130.343
130.503
130.662
130.822
130.981
131.14
131.299
131.459
131.618
131.777
131.936
132.095
132.255
132.414
132.573
132.733
132.892
133.052
133.211
133.37
133.529
133.689
133.848
134.007
134.166
134.326
134.485
134.644
134.804
134.963
135.122
135.281
135.441
135.599
135.759
135.919
136.077
136.237
136.396
136.556
136.715
136.874
137.033
137.193
137.352
137.511
137.67
137.83
137.989
138.148
138.308
138.467
138.626
138.785
138.945
134.207
134.183
130.918
127.763
127.652
125.225
124.114
123.003
121.892
120.781
119.669
118.559
117.447
116.336
115.225
114.115
113.003
111.892
110.781
109.67
108.559
107.448
106.337
105.226
104.115
103.004
101.893
100.781
99.6705
98.5593
97.4486
96.3375
95.2265
94.1152
93.0045
91.8933
90.7826
89.6709
88.5602
87.449
86.338
85.227
84.1159
83.0046
81.8937
80.7829
79.6718
78.5606
77.4498
76.3388
75.2276
74.1163
73.0054
71.8946
90.151
89.7659
102.2
114.198
114.158
123.276
127.189
131.103
135.017
138.93
142.844
146.757
150.671
154.584
158.498
162.411
166.325
170.239
174.153
178.066
181.979
185.893
189.806
193.72
197.634
201.547
205.461
209.375
213.288
217.202
221.116
225.028
228.943
232.856
236.77
240.683
244.597
248.511
252.424
256.337
260.251
264.165
268.078
271.992
275.906
279.819
283.733
287.646
291.56
295.474
299.387
303.301
307.213
311.127
315.042
318.955
322.869
326.782
296.717
299.357
279.506
260.42
262.457
248.424
243.522
238.621
233.719
228.817
223.915
219.014
214.112
209.21
204.309
199.406
194.505
189.604
184.702
179.801
174.898
169.997
165.095
160.193
155.292
150.389
145.489
140.587
135.685
130.783
125.882
120.979
116.078
111.176
106.275
101.373
96.4713
91.5695
86.6683
81.7661
76.8646
71.9629
67.0611
62.1596
57.2576
52.356
47.4543
42.5526
37.6512
32.7491
27.8477
41.8706
37.6779
46.012
53.9196
50.063
55.1564
55.1647
55.1727
55.1803
55.1884
55.1963
55.2044
55.2122
55.2201
55.2281
55.2361
55.244
55.2519
55.2598
55.2678
55.2757
55.2836
55.2915
55.2996
55.3075
55.3154
55.3234
55.3312
55.3393
55.3472
55.3551
55.363
55.3709
55.3789
55.3869
55.3946
55.4027
55.4106
55.4187
55.4265
55.4343
55.4422
55.4503
55.4582
55.4661
55.4739
55.4821
55.49
55.4979
55.5056
55.5139
55.5217
55.5296
55.5375
55.5456
55.5534
55.5615
55.5692
55.5773
55.5852
55.593
55.6012
55.6091
55.6169
55.6248
55.6328
55.6409
55.6487
55.6566
55.6645
55.6725
55.6804
55.6884
55.6964
55.7043
55.7121
55.72
55.7279
55.736
55.744
55.752
55.7596
55.7678
55.7758
55.7836
55.7914
55.7995
55.8075
55.8153
55.8233
55.8313
55.8392
55.847
55.855
55.8629
55.8709
55.8788
55.8868
55.8947
55.9026
55.9106
55.9185
55.9265
55.9343
55.9423
55.9502
55.9583
55.9661
55.974
55.9819
55.99
55.9977
56.0058
56.0138
56.0218
56.0295
56.0375
56.0455
56.0536
56.0614
56.0692
56.0772
56.0851
56.0931
56.1012
56.1088
68.0426
68.4976
76.8463
84.9264
85.5929
91.8998
95.0017
98.1034
101.205
104.307
107.409
110.511
113.613
116.715
119.817
122.918
126.02
129.122
132.224
135.326
138.428
141.53
144.632
147.733
150.835
153.937
157.039
160.141
163.243
166.344
169.447
172.548
175.65
178.752
181.854
184.956
188.058
191.16
194.261
197.364
200.465
203.567
206.669
209.771
212.873
215.974
219.076
222.179
225.279
220.221
223.017
220.411
217.989
220.639
219.431
220.415
221.4
222.385
223.369
224.354
225.338
226.323
227.308
228.292
229.277
230.261
231.245
232.23
233.214
234.2
235.184
236.169
237.153
238.137
239.122
240.107
241.091
242.076
243.061
244.045
245.03
246.014
246.999
247.983
248.968
249.952
250.937
251.922
252.906
253.891
254.875
255.859
256.845
257.829
258.813
259.798
260.782
261.767
262.752
263.736
264.72
265.706
266.69
267.674
268.659
269.643
270.628
271.613
272.597
273.582
274.567
275.551
276.535
277.52
254.86
254.958
239.406
224.386
224.065
212.561
207.411
202.261
197.111
191.962
186.812
181.662
176.512
171.363
166.213
161.063
155.914
150.764
145.614
140.465
135.315
130.165
125.016
119.865
114.715
109.566
104.416
99.2666
94.1168
88.9669
83.8173
78.6676
73.5179
68.3678
63.2183
58.0686
52.9192
47.7695
42.6197
37.4698
57.8471
53.6536
66.3574
78.4859
74.7461
83.0789
84.5515
86.0246
87.4973
88.9699
90.4427
91.9156
93.3883
94.8613
96.3339
97.8068
99.2798
100.753
102.225
103.698
105.171
106.643
108.116
109.589
111.062
112.535
114.007
115.48
116.953
118.426
119.899
121.371
122.844
124.317
125.79
127.263
128.736
130.208
131.681
133.154
134.626
136.099
137.572
139.045
140.518
141.99
143.464
144.936
146.409
147.882
149.354
150.827
152.3
153.773
155.246
156.718
158.191
159.664
161.137
162.61
164.082
165.555
167.028
168.5
169.973
171.445
172.919
174.392
175.865
177.337
178.81
180.283
181.755
183.229
184.701
186.174
187.647
189.12
190.592
192.065
193.538
195.011
196.484
197.956
199.429
200.902
202.375
203.847
205.321
206.793
208.266
209.739
211.211
212.684
214.157
215.63
217.103
218.576
220.048
221.521
222.994
224.467
225.94
227.412
228.885
230.359
231.83
233.303
234.776
236.249
237.722
239.195
240.667
242.14
243.613
245.086
246.558
248.031
249.504
250.977
252.45
253.922
255.395
256.868
258.341
259.813
261.286
262.759
264.231
247.734
248.533
237.437
226.746
227.226
219.208
216.017
212.828
209.639
206.449
203.26
200.07
196.88
193.691
190.502
187.312
184.123
180.934
177.744
174.554
171.365
168.175
164.986
161.796
158.607
155.417
152.229
149.038
145.849
142.659
139.47
136.281
133.091
129.902
126.712
123.523
120.334
117.144
113.954
110.764
107.575
104.386
101.196
98.0066
94.8172
91.6276
88.4384
85.2487
82.0593
78.8697
75.6802
72.4909
69.3014
66.112
62.9222
59.7329
56.5436
53.354
61.1318
58.3534
62.8342
67.0679
64.4841
67.0872
66.743
66.3987
66.0544
65.7102
65.3661
65.0217
64.6772
64.3331
63.9891
63.6447
63.3004
62.9564
62.612
62.2678
61.9235
61.5792
61.235
60.8908
60.5465
60.2023
59.8579
59.5137
59.1695
58.8254
58.4811
58.1368
57.7926
57.4483
57.1041
56.7599
56.4158
56.0713
55.7272
55.3828
55.0386
54.6944
54.3501
54.0059
53.6616
53.3174
52.9732
52.629
52.2846
51.9405
51.5962
51.252
50.9076
50.5636
50.2193
49.8751
49.5308
49.1866
48.8423
48.498
48.1537
56.0896
56.0556
61.5021
66.762
66.8751
70.9041
72.7079
74.5117
76.3155
78.1196
79.9234
81.7269
83.5309
85.3348
87.1387
88.9422
90.7461
92.55
94.3537
96.1575
97.9616
99.7654
101.569
103.373
105.177
106.981
108.784
110.588
112.392
114.196
115.999
117.803
119.607
121.411
123.215
125.019
126.823
128.626
130.43
132.234
134.038
135.842
137.645
139.449
141.253
143.057
144.861
146.665
148.468
150.272
152.076
148.254
149.847
147.716
145.712
147.205
146.037
146.382
146.725
147.07
147.414
147.758
148.103
148.447
148.791
149.135
149.48
149.824
150.168
150.512
150.856
151.2
151.545
151.889
152.233
152.578
152.922
153.266
153.611
153.955
154.299
154.643
154.987
155.332
155.676
156.02
156.365
156.709
157.053
157.397
157.741
158.086
158.43
158.774
159.118
159.463
159.807
160.152
160.495
160.84
161.184
161.528
161.872
162.217
162.561
162.905
163.249
163.593
163.937
164.282
164.626
164.97
165.315
165.659
166.003
166.348
166.692
167.036
167.38
167.724
168.069
168.413
168.757
169.101
169.446
169.79
170.134
170.478
170.823
171.166
171.511
171.855
172.2
172.544
172.888
173.232
173.576
173.921
174.264
174.609
174.954
175.297
175.642
175.986
176.331
176.675
177.019
177.364
177.708
178.051
178.396
178.74
179.085
179.429
179.773
180.117
180.462
180.806
181.15
181.494
181.839
182.183
182.526
182.871
183.216
183.56
183.904
184.248
184.592
184.937
185.281
185.625
185.97
183.278
183.508
181.728
180.018
180.194
178.935
178.491
178.048
177.604
177.161
176.717
176.274
175.831
175.387
174.944
174.5
174.057
173.614
173.17
172.727
172.283
171.839
171.396
170.952
170.509
170.066
169.622
169.179
168.735
168.292
167.849
167.405
166.961
166.518
166.075
165.631
165.188
164.745
164.301
163.857
163.414
162.97
162.527
162.083
161.64
161.197
160.753
160.309
159.867
159.423
158.979
158.536
158.092
157.649
157.205
156.763
156.319
155.875
155.431
154.988
154.545
154.102
153.658
153.214
152.771
152.328
151.884
151.441
150.997
150.554
150.111
149.667
149.224
148.78
148.337
147.893
147.449
147.006
146.562
146.119
145.676
145.232
144.789
144.346
143.902
143.459
143.015
142.572
142.128
141.685
141.241
140.798
140.354
139.911
139.468
139.024
138.58
138.137
137.694
137.25
136.807
136.363
135.92
135.476
135.033
134.589
134.146
133.703
133.259
132.816
132.372
131.928
131.485
131.042
130.598
136.86
136.668
140.915
145.01
144.937
148.035
149.332
150.628
151.924
153.22
154.517
155.813
157.109
158.405
159.702
160.998
162.294
163.59
164.887
166.182
167.479
168.775
170.071
171.368
172.664
173.96
175.256
176.552
177.849
179.145
180.442
181.737
183.034
184.33
185.626
186.922
188.219
189.515
190.811
192.107
193.403
194.7
195.996
197.292
198.588
199.885
201.181
202.477
203.773
205.069
206.365
207.662
208.958
210.255
202.356
203.307
198.173
193.245
194.033
190.473
189.384
188.295
187.206
186.117
185.027
183.938
182.849
181.76
180.67
179.581
178.492
177.403
176.313
175.224
174.135
173.046
171.956
170.868
169.778
168.689
167.6
166.51
165.421
164.332
163.243
162.153
161.064
159.975
158.886
157.797
156.708
155.618
154.529
153.44
152.35
151.262
150.172
149.083
147.993
146.904
145.815
144.726
143.637
142.548
141.458
140.369
139.28
138.191
137.101
136.012
134.923
133.834
132.745
131.655
130.566
129.477
128.388
127.298
126.209
125.12
124.03
122.941
121.852
120.763
119.674
118.584
117.495
116.406
115.317
114.227
113.138
112.049
110.96
109.871
108.782
107.692
106.603
105.514
104.424
103.335
102.246
101.157
100.068
98.9783
97.8895
96.7999
95.7106
94.6215
93.5322
92.443
91.3539
90.2646
89.1756
88.0861
86.9967
85.9076
84.8185
83.7292
82.6401
81.5507
80.4617
79.3722
78.283
77.194
76.1046
75.0154
75.8331
74.8152
75.0594
75.2607
74.2768
74.1948
73.6002
73.0057
72.4111
71.8167
71.222
70.6274
70.0326
69.438
68.8437
68.249
67.6546
67.0602
66.4656
65.8707
65.2763
64.6818
64.0872
63.4926
62.8984
62.3036
61.709
61.1144
60.52
59.9253
59.3309
58.7363
58.1416
57.5471
56.9525
56.3581
78.8893
60.688
75.5752
77.7138
65.8924
76.492
72.1398
72.7523
73.3649
73.9774
74.5898
75.2023
75.8147
76.4272
77.0397
77.6524
78.2645
78.8771
79.4897
80.1021
80.7146
81.3271
81.9393
82.552
83.1645
83.7769
84.3895
85.0018
85.6142
86.2267
86.8391
87.4516
88.0641
88.6767
89.2891
89.9017
90.5142
91.1263
91.7391
92.3515
92.9637
93.5762
94.1888
94.8012
95.4137
96.0264
96.6386
97.2512
97.8635
98.476
99.0886
99.7008
100.313
100.926
101.538
102.151
102.763
103.376
103.988
104.601
105.213
105.825
106.438
107.051
107.663
108.276
108.888
109.5
110.113
110.725
111.338
111.95
112.563
113.175
113.787
114.4
115.012
115.625
116.238
116.85
117.463
120.326
121.023
123.209
125.345
126.082
127.883
129.079
130.275
131.472
132.668
133.865
135.061
136.258
137.454
138.65
139.846
141.043
142.239
143.435
144.632
145.828
147.025
148.221
149.417
150.614
151.81
153.006
154.203
155.399
156.595
157.792
158.989
160.184
161.381
162.577
163.773
164.97
166.167
167.363
168.559
169.755
170.952
172.148
173.345
174.541
175.737
176.933
178.13
179.326
180.523
181.719
182.915
184.112
185.309
186.504
187.701
181.595
182.517
178.606
174.86
175.652
172.992
172.293
171.594
170.897
170.198
169.501
168.802
168.104
167.406
166.707
166.009
165.311
164.613
163.914
163.216
162.518
161.82
161.121
160.423
159.725
159.027
158.328
157.63
156.932
156.234
155.535
154.837
154.139
153.441
152.742
152.044
151.346
150.648
149.949
149.251
148.554
147.855
147.157
146.458
145.761
145.062
144.364
143.666
142.967
142.27
141.571
140.873
140.174
139.476
138.778
138.08
137.381
136.683
135.985
135.287
134.588
133.89
133.192
132.494
131.796
131.097
130.399
129.701
129.003
128.304
127.606
126.908
126.21
125.511
124.813
124.115
123.417
122.718
122.02
121.322
120.624
119.925
119.227
118.529
117.831
117.132
116.434
115.736
115.038
114.34
113.641
112.943
112.245
111.546
110.848
110.15
109.452
108.754
108.056
107.358
106.659
105.961
105.262
104.564
103.866
103.168
102.469
101.771
101.073
100.375
99.6763
98.9785
98.2799
97.5818
96.8838
96.1852
95.6847
94.994
94.4335
93.8688
93.1815
92.5877
91.9407
91.2934
90.6467
89.9996
89.3523
88.7055
88.0586
87.4115
86.7646
86.1173
85.4704
84.8236
84.1762
83.5292
82.8823
82.2353
81.5883
80.9413
80.2944
79.647
79.0003
78.3531
77.7061
77.0592
76.4122
75.7649
75.1182
74.471
73.824
73.1771
72.53
71.8828
71.2358
70.5889
69.9418
69.2947
68.6477
68.0007
67.3537
66.7067
66.0599
65.4128
64.7656
64.1186
63.4718
66.364
65.8496
67.6777
69.4263
68.9747
70.197
70.4682
70.7394
71.0107
71.2817
71.5529
71.8241
72.0953
72.3661
72.6378
72.9087
73.1799
73.451
73.7223
73.9935
74.2645
74.5356
74.8071
75.0781
75.3492
75.6205
75.8916
76.1627
76.434
76.7051
76.9763
77.2473
77.5186
77.7898
78.0609
78.3324
78.6033
78.8743
79.1457
79.4171
79.688
79.9593
80.2302
80.5015
80.7728
81.0438
81.3151
81.5861
81.8574
82.1286
82.3997
82.6706
82.9419
83.2132
83.4843
83.7555
84.0267
84.2981
84.5691
85.2405
85.5264
86.0776
86.6196
86.9129
87.3955
87.7702
88.1456
88.5202
88.8953
89.2702
89.6452
90.0201
90.3953
90.7702
91.1452
91.5203
91.895
92.2702
92.6451
93.0201
93.3949
93.77
94.145
94.5199
94.8948
95.2697
95.6452
96.0198
96.3947
96.7698
97.1449
97.5195
97.8948
98.2699
98.6448
99.0198
99.3948
99.7692
100.144
100.519
100.895
101.269
101.645
102.02
102.395
102.769
103.144
103.52
103.894
104.269
104.644
105.019
105.394
105.769
106.145
104.031
104.313
102.948
101.639
101.877
100.938
100.667
100.397
100.126
99.8555
99.5847
99.3145
99.044
98.7737
98.5032
98.2329
97.9624
97.6915
97.4214
97.1507
96.8802
96.6098
96.3393
96.0689
95.7983
95.5279
95.2572
94.987
94.7168
94.4461
94.1755
93.905
93.6345
93.3639
93.0936
92.823
92.5526
92.2823
92.012
91.7413
91.4708
91.2002
90.9296
90.6593
90.3889
90.1184
89.8479
89.5772
89.3071
89.0368
88.766
88.4958
88.2251
87.9547
87.6841
87.4138
87.1431
86.8727
86.6024
86.3316
86.0613
85.7911
85.5203
85.2498
84.9791
84.709
84.4385
84.168
83.8973
83.627
83.3566
83.0862
82.8156
82.5449
82.2747
82.004
81.7335
81.4632
81.1929
80.9222
80.6518
80.3809
80.1108
79.8403
79.5697
79.2995
79.0288
78.7585
78.4879
78.2175
77.9469
77.6764
77.4061
77.1356
76.8652
76.5946
76.3243
76.0537
75.7832
75.5127
75.2424
74.9719
74.7013
74.4308
74.1603
73.8901
73.6195
73.3488
73.0784
72.808
72.5376
72.267
71.9963
71.726
71.4556
71.1849
70.9145
70.644
70.3737
70.1031
69.8328
69.5624
85.0579
85.3783
96.1346
106.536
107.136
115.193
119.012
122.832
126.652
130.472
134.291
138.111
141.931
145.751
149.571
153.39
157.21
161.03
164.85
168.67
172.489
176.309
180.129
183.949
187.769
191.589
195.408
199.228
203.048
206.868
210.687
214.508
218.327
222.147
225.967
229.787
233.607
237.426
241.245
245.065
248.885
252.706
256.525
260.345
264.164
267.985
271.804
275.624
279.444
283.264
268.963
272.104
263.249
254.804
257.624
251.872
250.991
250.11
249.228
248.347
247.467
246.585
245.703
244.822
243.94
243.059
242.178
241.297
240.415
239.535
238.653
237.771
236.89
236.008
235.127
234.246
233.365
232.484
231.603
230.72
229.84
228.959
228.077
227.196
226.314
225.433
224.552
223.67
222.789
221.908
221.026
220.145
219.264
218.383
217.501
216.621
215.739
214.858
213.976
213.095
212.214
211.333
210.451
209.569
208.688
207.807
206.926
206.045
205.163
195.795
194.595
187.778
181.152
179.802
174.438
171.355
168.272
165.188
162.105
159.022
155.939
152.856
149.773
146.689
143.606
140.523
137.44
134.357
131.273
128.19
125.107
122.024
118.941
115.858
112.774
109.691
106.608
103.525
100.442
97.3585
94.2754
91.1921
88.1095
85.0258
81.9429
78.8592
75.7767
72.6932
69.6103
66.5268
63.444
60.3605
57.2772
54.1943
51.1112
48.0281
44.9448
54.8474
52.2508
58.2495
63.9558
61.5898
65.3651
65.6508
65.9365
66.2222
66.508
66.7936
67.0792
67.3651
67.6505
67.9363
68.2221
68.5079
68.7934
69.0792
69.3651
69.6508
69.9361
70.2222
70.5075
70.7935
71.0791
71.3649
71.6504
71.9362
72.2217
72.5076
72.7933
73.0791
73.3648
73.6505
73.9361
74.222
74.5075
74.7932
75.079
75.3646
75.6501
75.936
76.2216
76.5075
76.7929
77.0789
77.3644
77.6502
77.9358
78.2215
78.5073
78.793
79.0785
79.3643
79.6501
79.9356
80.2214
80.5073
80.793
81.0784
81.3644
81.6498
81.9355
82.2215
82.507
82.7928
83.0782
83.3641
83.65
83.9356
84.2211
84.507
84.7928
85.0781
85.3641
85.6497
85.9353
86.2211
86.5068
86.7925
87.0782
87.3639
87.6496
87.9352
88.2209
88.5066
88.7923
89.0782
89.3637
89.6494
89.9352
90.2211
90.5068
90.7924
91.078
91.3637
91.6493
91.9349
92.2205
92.5064
92.7923
93.0779
93.3637
93.6492
93.9345
94.2211
94.5062
94.792
95.0775
95.3632
95.6494
95.9346
96.2206
96.5062
96.792
97.0777
97.3633
97.649
97.9348
98.2201
98.5061
98.7917
99.0779
99.3631
99.6489
98.7972
99.0403
98.5307
98.0464
98.2694
97.9544
97.9447
97.9353
97.926
97.9167
97.9079
97.8977
97.8885
97.8793
97.8698
97.8604
97.851
97.8418
97.8321
97.8226
97.8135
97.804
97.7949
97.7857
97.7763
97.7667
97.7573
97.7479
97.7391
97.7293
97.7195
97.7105
97.7011
97.6915
97.6822
97.6729
97.6635
97.6541
97.6445
97.635
97.6262
97.6166
97.6072
97.5978
97.5882
97.579
97.5696
97.5602
97.551
97.5416
97.5322
97.5228
97.5134
97.5042
97.4946
97.4854
97.4762
97.4666
97.4571
97.4481
97.4386
97.4292
97.4199
97.4101
97.401
97.3914
97.3821
97.3728
97.3636
97.3542
97.3447
97.3353
97.3261
97.3168
97.3074
97.2978
97.2884
97.2792
97.2699
97.2603
97.251
97.2414
97.2325
97.2229
97.2136
97.204
97.1948
97.1851
97.1759
97.1667
97.157
97.1479
97.1389
97.1291
97.1197
97.1105
97.1009
97.0915
97.0823
97.0727
97.0633
97.0538
97.0448
97.0353
97.0258
97.0165
97.0071
96.9981
96.9882
96.979
96.9696
96.9603
96.951
96.9415
96.9321
96.9228
96.9135
96.9039
96.8948
96.8854
96.8758
96.8665
96.8572
96.8477
96.8384
96.8289
96.8196
96.8101
96.8007
96.7914
96.7823
96.7728
96.7634
96.7539
96.7443
96.7353
96.7258
96.7166
96.7074
96.6973
96.6885
96.6788
96.6694
96.6604
96.6507
96.6416
96.6322
96.6226
96.6132
96.6043
96.5943
96.5851
96.5754
96.5662
96.5571
96.5475
96.5381
96.5292
96.5198
96.5102
96.5011
96.4915
96.4821
96.4728
96.4631
96.454
96.4444
96.4355
96.4259
96.4165
96.4068
96.3977
96.3882
96.3792
96.3694
96.3598
96.3507
96.3413
96.3322
96.323
96.3131
96.3037
96.2945
96.2854
96.2758
96.2663
96.257
96.2475
96.2381
96.229
96.2194
96.2102
96.2008
96.1913
96.182
96.1726
96.1632
96.1536
96.1446
96.1349
96.1258
96.1162
96.1069
96.0977
96.0883
96.079
96.0696
96.06
96.0507
96.0415
96.0319
96.0226
96.0134
96.0036
95.9947
95.985
95.9759
95.9662
95.9571
95.9478
95.9383
95.9289
95.9195
95.91
95.9007
95.8915
95.8818
95.8727
95.8632
95.8536
95.8447
95.8351
95.8258
95.8166
95.8071
95.7976
95.7882
95.7787
95.7695
95.7601
95.7507
95.7415
95.732
95.7228
95.7132
95.7036
95.6943
95.6852
95.6755
95.6663
95.6569
95.6477
95.6384
95.6288
95.6195
95.6102
95.6007
95.5914
95.5818
95.5724
95.5634
95.5534
95.5445
95.535
95.5256
95.5163
95.5068
95.4976
95.4881
95.4786
95.4694
95.4603
95.4509
95.4414
95.4318
95.4227
95.413
95.4039
95.3944
95.3851
95.3756
95.3665
95.3569
95.3474
95.3384
95.3288
95.3193
95.3098
95.3005
95.2912
95.2822
95.2724
95.263
95.254
95.2446
95.2353
95.2257
95.2163
95.2068
95.1976
95.188
95.1787
95.1693
95.1601
95.1508
95.141
95.1319
95.1222
95.1133
95.1035
95.0945
95.0849
95.0757
95.0663
95.0571
95.0476
95.0381
95.0287
95.0192
95.0099
95.0004
94.9912
94.9817
94.9728
94.9632
94.9536
94.9439
94.9352
94.9254
94.916
94.9068
94.8975
94.888
94.8787
94.8694
94.8599
94.8508
94.8412
94.832
94.8226
94.8128
94.8037
94.7944
94.785
94.7756
94.7661
94.7567
94.7474
94.7378
94.7289
94.7194
94.7101
94.7004
94.6913
94.6821
94.6723
94.6629
94.6538
94.6442
94.6348
94.6257
94.6162
94.6067
94.5975
94.5881
94.5788
94.5694
94.5599
94.5505
94.5412
94.5318
94.5225
94.5132
94.5035
94.4945
94.4849
94.4757
94.4661
94.4566
94.4476
94.438
94.4287
94.4191
94.41
94.4006
94.3911
94.3818
94.3725
94.3628
94.3534
94.3441
94.3351
94.3256
94.3162
94.3066
94.2971
94.2881
94.2785
94.2689
94.2598
94.2503
94.241
94.2318
94.2224
94.213
94.2035
94.1943
94.1849
94.1752
94.1663
94.1567
94.147
94.1379
94.1284
94.119
94.11
94.1003
94.0906
94.0816
94.0723
94.0628
94.0536
94.044
94.0349
94.0257
94.016
94.0065
93.9972
93.9878
93.9787
93.9691
93.9598
93.9503
93.9409
93.9317
93.9221
93.9131
93.9034
93.8942
93.8849
93.8756
93.8658
93.8565
93.8473
93.8379
93.8286
93.8193
93.8096
93.8005
93.7909
93.7816
93.7723
93.7631
93.7534
93.7441
93.7345
93.7254
93.7158
93.7063
93.6972
93.6879
93.6787
93.6693
93.6597
93.6504
93.6411
93.6315
93.6223
93.6126
93.6039
93.5942
93.5848
93.5755
93.5659
93.5565
93.5475
93.5379
93.5285
93.5194
93.5097
93.5003
93.4909
93.4814
93.4724
93.4629
93.4533
93.4442
93.4345
93.4254
93.4159
93.4066
93.3974
93.3875
93.3784
93.3691
93.3596
93.3504
93.341
93.3317
93.3223
93.3129
93.3035
93.294
93.2845
93.2752
93.2658
93.2568
93.2472
93.238
93.2284
93.2191
93.2095
93.2003
93.1908
93.1815
93.172
93.1628
93.1534
93.1441
93.1345
93.1252
93.1161
93.1065
93.0971
93.0877
93.0784
93.069
93.0598
93.05
93.041
93.0316
93.022
93.0128
93.0032
92.9941
92.9847
92.9752
92.966
92.9564
92.9472
92.9377
92.9282
92.919
92.9099
92.9001
92.8907
92.8815
92.8719
92.8626
92.8531
92.8441
92.8345
92.8253
92.8157
92.8065
92.7971
92.7877
92.7781
92.769
92.7597
92.7503
92.7408
92.7317
92.7218
92.7127
92.7033
92.6939
92.6847
92.6751
92.6657
92.6565
92.647
92.6376
92.6287
92.6189
92.6096
92.6003
92.5908
92.5819
92.5719
92.5624
92.5535
92.5441
92.5346
92.5253
92.5159
92.5065
92.4969
92.4878
92.4783
92.469
92.4598
92.4503
92.4407
92.4315
92.422
92.4128
92.4035
92.3939
92.3845
92.375
92.3658
92.3563
92.3473
92.3376
92.3282
92.3188
92.3095
92.3003
92.2904
92.2813
92.2722
92.2627
92.2533
92.244
92.2347
92.2251
92.2158
92.2063
92.1972
92.1875
92.1782
92.1691
92.1597
92.15
92.1405
92.1311
92.1218
92.1127
92.103
92.0941
92.0842
92.0752
92.0658
92.0564
92.0469
92.0377
92.0283
92.0189
92.0097
92.0
91.9907
91.9814
91.972
91.9625
91.9532
91.9439
91.9344
91.9253
91.9159
91.9065
91.8972
91.8875
91.8783
91.8687
91.8595
91.85
91.8407
91.8313
91.8219
91.813
91.8031
91.7939
91.7842
91.775
91.7657
91.7561
91.747
91.7375
91.7281
91.7188
91.7094
91.7002
91.6908
91.6814
91.672
91.6625
91.6532
91.6437
91.6345
91.625
91.6157
91.6064
91.5967
91.5878
91.5779
91.5686
91.5594
91.5501
91.5406
91.5315
91.5217
91.5128
91.5029
91.4938
91.4846
91.475
91.4659
91.4564
91.447
91.4376
91.4283
91.4188
91.4094
91.3998
91.3904
91.3814
91.3718
91.3624
91.353
91.3437
91.3345
91.325
91.3156
91.3062
91.2967
91.2875
91.278
91.2689
91.2594
91.2499
91.2406
91.2313
91.2216
91.2123
91.2032
91.1936
91.1843
91.1751
91.1657
91.1563
91.1469
91.1374
91.1278
91.1188
91.1095
91.1
91.0903
91.0811
91.0719
91.0624
91.0532
91.0438
91.0342
91.025
91.0155
91.0062
90.9967
90.9877
90.9782
90.9686
90.9594
90.9499
90.9403
90.9315
90.9218
90.9127
90.9032
90.894
90.8841
90.8751
90.8654
90.8563
90.8471
90.8374
90.828
90.8188
90.8096
90.7997
90.7905
90.7811
90.7718
90.7625
90.7532
90.7439
90.7339
90.7248
90.7157
90.706
90.697
90.6874
90.6779
90.6685
90.6592
90.6497
90.6407
90.6311
90.622
90.6123
90.6028
90.5937
90.5841
90.5748
90.5656
90.5559
90.5469
90.5374
90.5279
90.5184
90.509
90.5
90.4903
90.4809
90.4718
90.4625
90.4529
90.4438
90.4343
90.4249
90.4155
90.4059
90.3968
90.3874
90.3779
90.3686
90.3594
90.3499
90.3402
90.3311
90.3216
90.3126
90.3031
90.2937
90.2842
90.2747
90.2655
90.2561
90.2466
90.2374
90.2277
90.2185
90.2093
90.2001
90.1906
90.181
90.1714
90.1622
90.1527
90.1435
90.134
90.1247
90.1154
90.1059
90.0966
90.087
90.0777
90.0685
90.0591
90.05
90.0401
90.031
90.0215
90.0122
90.003
89.9934
89.9841
89.9747
89.9651
89.9559
89.9467
89.9372
89.928
89.9183
89.9093
89.9001
89.8904
89.8811
89.8716
89.8624
89.8528
89.8436
89.8342
89.8249
89.8154
89.8061
89.7967
89.7875
89.778
89.7685
89.7592
89.7497
89.7401
89.7311
89.7219
89.7124
89.7029
89.6934
89.6841
89.6749
89.6654
89.6562
89.647
89.6374
89.6279
89.6188
89.6089
89.5999
89.5905
89.5811
89.5718
89.5622
89.5527
89.5435
89.5343
89.5246
89.5153
89.5059
89.4967
89.4872
89.4778
89.4686
89.459
89.45
89.4404
89.4309
89.4216
89.4121
89.4029
89.3934
89.3842
89.3748
89.3653
89.3558
89.3464
89.3372
89.3279
89.3183
89.309
89.2998
89.2903
89.281
89.2714
89.2625
89.2528
89.2434
89.2339
89.2246
89.2154
89.2059
89.1965
89.1872
89.1776
89.1684
89.1588
89.1498
89.1404
89.1311
89.1214
89.1124
89.1026
89.0935
89.084
89.0746
89.0653
89.0558
89.0466
89.0372
89.0277
89.0185
89.0089
88.9998
88.9906
88.9809
88.9711
88.9623
88.9526
88.9433
88.934
88.9245
88.9152
88.906
88.8963
88.8873
88.8778
88.8684
88.8589
88.8495
88.8403
88.831
88.8214
88.812
88.8027
88.7932
88.7842
88.7746
88.7651
88.7559
88.7461
88.7372
88.7278
88.7184
88.709
88.6996
88.6903
88.6811
88.6712
88.6621
88.6526
88.6431
88.634
88.6247
88.615
88.6057
88.5966
88.5871
88.5775
88.5684
88.559
88.5496
88.5402
88.5308
88.5212
88.5121
88.5026
88.4934
88.4839
88.4745
88.4651
88.4557
88.4466
88.4369
88.4276
88.4183
88.4089
88.3996
88.39
88.381
88.3716
88.3619
88.3526
88.3431
88.3338
88.3243
88.3148
88.306
88.2966
88.2872
88.2776
88.2682
88.259
88.2494
88.2399
88.2306
88.2216
88.2119
88.2025
88.193
88.1838
88.1746
88.1649
88.1557
88.1465
88.1371
88.1276
88.1184
88.1087
88.0995
88.0903
88.0806
88.0715
88.0621
88.0525
88.0433
88.0339
88.0245
88.0152
88.0058
87.9965
87.987
87.9776
87.9683
87.9586
87.9495
87.9401
87.9306
87.9215
87.9121
87.9025
87.8932
87.884
87.8744
87.8651
87.8557
87.8462
87.8368
87.8275
87.8183
87.8088
87.7995
87.7902
87.7806
87.7714
87.7618
87.7527
87.7429
87.7341
87.7245
87.715
87.7055
87.696
87.687
87.6775
87.668
87.6589
87.6495
87.6399
87.6306
87.6211
87.6118
87.6022
87.5932
87.5838
87.5746
87.5649
87.5556
87.5461
87.5368
87.5274
87.5181
87.5087
87.4994
87.4901
87.4807
87.4712
87.462
87.4525
87.443
87.4338
87.4241
87.4149
87.4059
87.3962
87.3869
87.3776
87.3682
87.3586
87.3494
87.3399
87.3307
87.3213
87.3116
87.3025
87.293
87.2836
87.2743
87.2647
87.2554
87.2464
87.237
87.2276
87.2179
87.2086
87.1993
87.1899
87.1805
87.1713
87.1617
87.1524
87.1429
87.1336
87.1244
87.1147
87.1058
87.0962
87.0869
87.0774
87.0681
87.0587
87.0491
87.0398
87.0305
87.0212
87.0118
87.002
86.9932
86.984
86.9743
86.9648
86.9555
86.9463
86.9367
86.9275
86.918
86.9085
86.8993
86.8899
86.8806
86.8712
86.8617
86.8521
86.8432
86.8337
86.8243
86.8151
86.8056
86.7961
86.7867
86.7775
86.7683
86.7585
86.7494
86.7398
86.7306
86.7213
86.7117
86.7023
86.6929
86.6836
86.6742
86.665
86.6553
86.6461
86.6369
86.6272
86.6182
86.6085
86.5992
86.5898
86.5807
86.5708
86.5618
86.5524
86.5429
86.5337
86.5243
86.515
86.5055
86.4962
86.4868
86.4773
86.4681
86.4587
86.4493
86.4398
86.4305
86.4213
86.4118
86.4023
86.3929
86.3837
86.3741
86.3648
86.3554
86.3459
86.337
86.3272
86.318
86.3085
86.2993
86.29
86.2805
86.2712
86.2616
86.2523
86.2429
86.2336
86.2241
86.215
86.2055
86.1959
86.1868
86.1773
86.1679
86.1585
86.1494
86.1398
86.1302
86.1211
86.1116
86.1024
86.0929
86.0836
86.074
86.0647
86.0555
86.0457
86.0368
86.0273
86.0177
86.0087
85.9992
85.9898
85.9804
85.9709
85.9617
85.9522
85.9428
85.9337
85.9243
85.9147
85.9054
85.8959
85.8865
85.8773
85.8678
85.8584
85.8492
85.8397
85.8305
85.821
85.8118
85.8022
85.7931
85.7833
85.7742
85.7648
85.7554
85.7459
85.7364
85.7275
85.7179
85.7083
85.699
85.6896
85.6803
85.6712
85.6615
85.6522
85.6428
85.6333
85.6242
85.6146
85.6054
85.5962
85.5865
85.5773
85.5678
85.5585
85.5491
85.5395
85.5302
85.5211
85.5115
85.5021
85.4929
85.4833
85.4741
85.4647
85.4552
85.4459
85.4364
85.4271
85.4178
85.4083
85.3992
85.3895
85.3802
85.3709
85.3615
85.3521
85.3428
85.3332
85.324
85.3145
85.3053
85.2958
85.2865
85.2771
85.268
85.2581
85.2491
85.2398
85.2303
85.2209
85.2117
85.2019
85.1927
85.1834
85.1739
85.1646
85.1551
85.1461
85.1364
85.1272
85.1177
85.1084
85.0992
85.0895
85.0804
85.0707
85.0614
85.052
85.0427
85.0336
85.0241
85.0144
85.0053
84.996
84.9867
84.9771
84.968
84.9584
84.9487
84.9395
84.9301
84.9207
84.9114
84.9022
84.8927
84.8833
84.8738
84.8646
84.8551
84.8458
84.8363
84.8272
84.8177
84.8084
84.7989
84.7895
84.78
84.7706
84.7614
84.7521
84.7424
84.7331
84.724
84.7145
84.7048
84.6956
84.6866
84.677
84.6677
84.6584
84.6487
84.6395
84.6301
84.6208
84.6114
84.6021
84.5926
84.5832
84.5739
84.5645
84.5552
84.5457
84.5364
84.527
84.5178
84.5083
84.4991
84.4895
84.4799
84.4707
84.4614
84.4519
84.4426
84.4331
84.4239
84.4145
84.4052
84.3957
84.3864
84.377
84.3677
84.3582
84.3491
84.3396
84.3299
84.3208
84.3113
84.3021
84.2926
84.2834
84.2738
84.2645
84.2551
84.2458
84.2364
84.2268
84.2177
84.208
84.1989
84.1899
84.1799
84.1708
84.1611
84.152
84.1425
84.1332
84.1238
84.1143
84.105
84.0957
84.0863
84.077
84.0676
84.0583
84.0487
84.0394
84.0301
84.0205
84.0114
83.7114
83.6914
83.4787
83.2722
83.2471
83.0844
82.9997
82.9147
82.8302
82.7452
82.6608
82.576
82.4911
82.4064
82.3216
82.237
82.1522
82.0677
81.9825
81.8981
81.8133
81.7287
81.644
81.5591
81.4742
81.3895
81.3046
81.22
81.1355
81.0506
80.966
80.881
80.7964
80.7115
80.6269
80.5422
80.4576
80.3726
80.2879
80.2032
80.1183
80.0337
79.9489
79.8643
79.7794
79.6948
79.61
79.5251
79.4408
79.3555
79.271
79.1863
79.1014
79.0167
78.9319
78.8475
78.7626
78.6778
78.593
85.9351
86.1287
91.2382
96.1804
96.5059
100.344
102.186
104.028
105.87
107.712
109.554
111.395
113.238
115.079
116.922
118.763
120.606
122.447
124.289
126.132
127.973
129.816
131.658
133.5
135.341
137.184
139.026
140.868
142.71
144.552
146.394
148.236
150.077
151.92
153.762
155.604
157.446
159.288
161.129
162.972
164.814
166.656
168.498
170.339
172.182
174.024
175.866
177.708
179.55
181.392
183.234
185.076
186.918
188.759
190.602
192.443
194.286
189.924
191.534
189.038
186.681
188.181
186.747
186.98
187.212
187.445
187.678
187.911
188.143
188.376
188.608
188.841
189.075
189.307
189.54
189.772
190.005
190.238
190.471
190.704
190.937
191.169
191.402
191.634
191.867
192.1
192.333
192.566
192.798
193.031
193.264
193.496
193.729
193.962
194.195
194.427
194.661
194.893
195.126
195.359
195.591
195.824
196.057
196.29
196.522
196.755
196.988
197.221
197.453
197.686
197.919
198.151
198.384
198.617
198.85
199.083
199.316
199.548
199.78
200.014
200.246
200.479
200.712
200.945
201.177
201.41
201.643
201.876
202.108
202.34
202.573
202.806
203.039
203.271
203.504
203.737
203.97
204.203
204.436
204.668
204.901
205.134
205.366
205.599
205.832
206.065
206.297
206.53
206.763
206.995
207.228
207.461
207.694
207.927
208.159
208.392
208.626
208.857
209.09
209.324
209.556
209.788
210.021
210.255
210.488
210.719
210.952
211.185
211.417
211.65
211.883
212.116
212.349
200.962
200.759
192.866
185.234
184.825
178.921
176.139
173.357
170.576
167.794
165.013
162.231
159.449
156.667
153.885
151.104
148.322
145.541
142.759
139.978
137.196
134.414
131.633
128.851
126.069
123.287
120.506
117.724
114.943
112.161
109.379
106.597
103.816
101.034
98.2525
95.4709
92.689
89.9073
87.1259
84.3439
81.5626
78.7808
75.9991
73.2174
70.4357
67.654
64.8729
62.0909
59.3091
56.5275
53.7458
50.9641
48.1828
45.4012
42.6191
62.2534
60.3118
73.2076
85.5982
84.0548
93.1124
96.1461
99.1799
102.214
105.247
108.281
111.315
114.349
117.382
120.416
123.449
126.483
129.517
132.551
135.585
138.618
141.652
144.686
147.72
150.753
153.787
156.821
159.855
162.888
165.922
168.955
171.989
175.023
178.057
181.09
184.124
187.158
190.192
193.225
196.259
199.293
202.327
205.361
208.394
211.428
214.462
217.495
220.529
223.563
226.596
229.63
232.664
235.698
238.731
241.765
244.799
247.833
250.866
253.9
232.257
234.366
220.14
206.472
208.143
198.143
194.775
191.407
188.038
184.67
181.302
177.934
174.565
171.197
167.829
164.461
161.093
157.724
154.356
150.988
147.62
144.251
140.883
137.514
134.146
130.779
127.41
124.042
120.674
117.305
113.937
110.569
107.201
103.832
100.464
97.0957
93.728
90.3594
86.9913
83.6231
80.2547
76.8863
73.5182
70.15
66.7816
63.4135
60.0454
56.6772
53.3088
49.9409
46.5723
43.2042
39.8359
36.4676
33.0995
29.7312
26.363
43.3302
40.724
51.5783
61.9744
59.7294
67.1016
69.0092
70.9166
72.8241
74.7315
76.639
78.5465
80.4538
82.3615
84.2688
86.1763
88.0837
89.991
91.8986
93.8059
95.7135
97.6209
99.5285
101.436
103.343
105.251
107.158
109.066
110.973
112.881
114.788
116.695
118.603
120.51
122.418
124.325
126.233
128.14
130.048
131.955
133.862
135.77
137.678
139.585
141.493
143.4
145.307
147.215
149.122
151.03
152.937
154.845
156.752
158.659
160.567
162.475
164.382
166.289
168.197
170.105
172.012
173.92
175.827
177.734
179.641
181.549
183.456
185.364
187.272
189.179
191.086
192.994
194.901
196.809
198.716
200.624
202.531
204.439
206.346
208.254
210.161
212.068
213.976
215.884
217.791
219.698
221.606
223.513
225.42
227.328
229.236
231.143
233.051
234.958
236.866
238.774
240.68
242.587
244.495
246.403
248.31
250.218
252.126
254.033
255.941
257.847
259.755
261.663
263.57
265.478
267.385
269.293
271.201
273.108
275.015
276.922
278.83
280.737
282.645
261.102
262.131
247.637
233.673
234.285
223.807
219.63
215.454
211.278
207.102
202.925
198.75
194.573
190.397
186.22
182.044
177.868
173.691
169.516
165.339
161.163
156.987
152.81
148.634
144.458
140.282
136.106
131.929
127.753
123.577
119.401
115.224
111.048
106.872
102.695
98.5192
94.343
90.1666
85.9905
81.8142
77.638
73.4616
69.2859
65.109
60.9333
56.7567
52.5803
48.4044
44.2282
40.0518
35.8757
52.914
49.5329
60.1936
70.377
67.3722
74.4011
75.7285
77.056
78.3836
79.7111
81.0384
82.3662
83.6938
85.0209
86.3486
87.6759
89.0036
90.3312
91.6587
92.9864
94.3136
95.6412
96.9688
98.2962
99.624
100.951
102.278
103.606
104.934
106.261
107.589
108.916
110.244
111.571
112.899
114.227
115.554
116.881
118.209
119.536
120.864
122.192
123.519
124.846
126.174
127.501
128.829
130.157
131.484
132.811
134.139
135.467
136.794
138.122
139.449
140.776
142.104
143.432
137.431
138.484
134.685
131.053
131.975
129.432
128.859
128.285
127.711
127.137
126.564
125.99
125.416
124.842
124.269
123.695
123.121
122.548
121.974
121.4
120.826
120.252
119.679
119.105
118.531
117.957
117.383
116.81
116.236
115.662
115.089
114.515
113.941
113.368
112.794
112.22
111.646
111.073
110.499
109.925
109.351
108.778
108.204
107.63
107.056
106.482
105.909
105.335
104.761
104.188
103.614
103.04
102.467
101.893
101.319
100.745
100.172
99.5979
99.0244
98.4505
97.8764
102.598
102.223
105.352
108.362
108.081
110.304
111.104
111.904
112.704
113.504
114.304
115.104
115.904
116.704
117.504
118.304
119.103
119.903
120.703
121.503
122.303
123.103
123.903
124.703
125.503
126.303
127.103
127.903
128.703
129.503
130.303
131.103
131.903
132.703
133.503
134.303
135.103
135.903
136.702
137.502
138.302
139.103
139.902
140.702
141.502
142.302
143.102
143.902
144.703
145.502
146.302
147.102
147.902
148.702
149.502
150.302
151.102
151.902
152.702
153.502
154.302
155.102
155.902
156.702
157.501
158.301
159.101
159.901
160.701
161.501
162.301
163.101
163.901
164.701
165.501
166.301
167.101
167.901
168.701
169.501
170.3
171.1
171.901
172.701
173.5
174.301
175.101
175.901
176.701
177.5
178.3
179.1
179.9
180.7
181.5
182.3
183.1
183.9
184.7
185.5
186.3
187.1
187.899
188.7
189.499
190.3
191.1
191.9
192.699
193.5
194.3
195.1
195.9
196.7
197.499
198.299
199.099
199.899
200.699
201.499
194.983
195.509
191.193
187.041
187.436
184.373
183.275
182.176
181.078
179.98
178.883
177.785
176.687
175.589
174.492
173.393
172.295
171.197
170.098
169.001
167.903
166.804
165.707
164.609
163.511
162.413
161.315
160.217
159.119
158.021
156.923
155.825
154.727
153.629
152.531
151.433
150.336
149.237
148.139
147.041
145.943
144.846
143.748
142.65
141.552
140.453
139.355
138.257
137.159
136.062
134.964
139.653
138.772
141.722
144.541
143.763
145.721
146.125
146.529
146.932
147.336
147.739
148.142
148.546
148.95
149.353
149.757
150.16
150.563
150.967
151.37
151.774
152.178
152.581
152.984
153.388
153.791
154.195
154.598
155.001
155.405
155.809
156.212
156.616
157.019
157.423
157.826
158.23
158.633
159.037
159.44
159.844
160.247
160.65
161.054
161.458
161.861
162.265
162.668
163.072
163.475
163.879
164.282
164.685
165.089
165.492
165.896
166.299
157.291
157.341
151.162
145.195
145.078
140.51
138.472
136.434
134.395
132.357
130.319
128.28
126.242
124.204
122.166
120.127
118.089
116.05
114.012
111.974
109.935
107.897
105.859
103.82
101.782
99.7434
97.7052
95.6669
93.6283
91.5901
89.5519
87.5136
85.4752
83.4367
81.3984
79.3603
77.3216
75.2832
73.2451
71.2067
69.1685
67.1301
65.0917
63.0535
61.0149
58.9767
56.9384
54.8999
52.8617
50.8233
48.7849
46.7466
57.4492
55.8885
62.7611
69.3467
68.0121
72.7032
73.9704
75.2373
76.5045
77.7718
79.0387
80.3058
81.5728
82.8402
84.1071
85.3741
86.6414
87.9085
89.1754
90.4427
91.7097
92.9768
94.244
95.511
96.778
98.0456
99.3122
100.58
101.847
103.114
104.381
105.648
106.915
108.182
109.449
110.716
111.983
113.251
114.518
115.785
117.052
118.319
119.586
120.853
122.12
123.388
124.655
125.922
127.189
128.456
129.723
130.99
132.257
133.524
134.791
136.058
137.326
138.593
139.86
141.127
142.394
143.661
144.928
146.195
147.462
148.729
149.997
151.264
152.531
153.798
155.065
156.332
157.599
158.867
160.134
161.4
162.668
163.935
165.202
166.469
167.736
169.003
170.27
171.537
172.805
174.071
175.339
176.605
177.873
179.14
180.407
181.674
182.941
184.209
185.475
186.743
188.01
189.277
190.544
191.812
193.078
194.346
195.613
196.879
198.147
199.414
200.681
201.948
203.215
204.482
205.75
207.016
208.284
209.551
210.818
212.085
213.353
214.619
215.886
217.153
218.42
219.687
220.954
222.222
223.489
224.756
226.023
227.29
228.558
229.824
231.092
194.254
194.092
168.709
144.185
143.348
124.489
115.87
107.251
98.6324
90.0145
81.3956
72.7768
64.1585
55.5397
46.9213
38.3027
29.6839
21.0654
12.4471
3.82855
-4.78989
20.2403
12.8829
27.798
41.9554
35.1954
44.3492
44.4603
44.5714
44.6825
44.7936
44.9047
45.0157
45.1269
45.238
45.3492
45.4601
45.5715
45.6824
46.7143
46.8599
47.615
48.3494
48.5112
49.1087
49.4588
49.8086
50.1587
50.5086
50.8587
51.2088
51.5585
51.9086
52.2585
52.6086
52.9584
53.3083
53.6585
54.0084
60.0342
60.5969
64.9165
69.1084
69.7719
73.1195
74.9421
76.7645
78.5869
80.4093
82.2318
84.0544
85.8769
87.6994
89.522
91.3445
93.1668
94.9891
96.8117
98.6343
100.457
102.279
104.102
105.924
107.747
109.569
111.392
113.214
115.036
116.859
118.682
120.504
122.327
124.149
125.972
127.794
129.616
131.439
133.261
135.084
136.906
138.729
140.551
142.374
144.196
146.019
147.841
149.664
151.487
153.309
155.131
156.954
158.776
160.599
162.421
164.243
166.066
167.888
169.711
171.533
173.356
175.179
184.109
186.197
192.99
199.625
201.84
207.416
211.083
214.75
218.416
222.082
225.748
229.415
233.082
236.748
240.414
244.08
247.748
251.414
255.08
258.746
262.413
266.08
269.746
273.413
277.08
280.746
284.412
288.078
291.745
295.412
299.077
302.745
306.411
310.078
313.744
317.41
321.077
324.744
328.41
314.561
317.57
308.986
300.796
303.496
297.91
297.033
296.155
295.276
294.398
293.521
292.643
291.766
290.888
290.01
289.132
288.254
287.377
286.498
285.621
284.743
283.865
282.987
282.109
281.232
280.354
279.476
278.599
277.72
276.844
275.964
275.087
274.21
273.332
272.453
271.576
270.698
269.821
268.942
268.064
267.187
266.309
265.431
264.553
263.675
262.798
261.92
261.042
260.164
259.287
258.409
257.531
256.653
255.775
254.897
254.02
253.142
252.264
251.386
250.508
249.631
248.752
247.875
246.996
246.12
245.241
244.363
243.486
242.608
241.73
240.852
239.974
239.096
238.219
237.341
236.463
235.586
234.707
233.83
232.952
232.073
231.196
230.318
229.441
228.563
227.685
226.808
225.929
225.051
224.174
223.296
222.418
221.54
220.662
219.785
218.907
218.029
217.151
216.273
215.395
214.518
213.64
212.762
211.884
211.007
210.128
209.251
208.373
207.495
206.617
205.739
204.862
203.984
203.106
202.228
201.35
200.473
199.595
198.717
197.839
196.961
196.083
195.206
194.328
193.45
192.572
191.694
190.817
189.939
189.061
188.183
188.548
187.716
187.707
187.671
186.862
186.64
186.084
185.529
184.973
184.417
183.862
183.307
182.751
182.196
181.64
181.085
180.529
179.973
179.418
178.862
178.307
177.751
177.196
176.64
176.084
175.529
174.974
174.419
173.862
173.307
172.752
172.196
171.641
171.085
170.529
169.974
168.989
168.419
167.563
166.718
166.138
165.357
164.69
164.024
163.357
162.691
162.024
161.357
160.691
160.024
159.358
158.691
158.024
157.358
156.691
156.024
155.358
154.691
154.025
153.358
152.691
152.025
151.358
150.691
150.024
149.358
148.691
148.025
147.358
146.692
146.025
145.358
144.692
144.025
143.358
142.692
142.025
141.358
140.692
140.025
139.359
138.692
138.025
137.359
136.692
136.026
135.359
134.692
134.026
133.359
132.692
132.026
131.359
130.692
130.026
129.359
133.12
132.62
135.05
137.381
136.958
138.63
139.113
139.595
140.076
140.559
141.041
141.523
142.005
142.488
142.969
143.452
143.934
144.416
144.898
145.38
145.862
146.344
146.826
147.308
147.791
148.273
148.755
149.237
149.719
150.201
150.684
151.165
151.647
152.13
152.612
153.094
153.576
154.058
154.54
155.023
155.505
155.987
156.469
156.951
157.433
157.915
158.397
158.879
159.361
159.843
160.325
160.808
161.29
161.772
