199.477
197.781
196.087
194.391
192.697
191.002
189.307
187.612
185.918
184.223
182.528
180.833
179.139
177.444
175.748
174.054
172.359
170.665
168.969
167.275
165.58
163.886
162.19
160.495
158.8
157.106
155.411
153.716
152.021
150.326
148.632
146.937
145.241
143.547
141.852
140.157
138.463
136.768
135.073
133.378
131.683
129.988
128.294
126.598
124.904
123.21
121.514
119.82
118.125
116.43
114.735
113.04
111.345
109.651
111.82
110.27
111.278
112.199
110.718
111.064
110.372
109.679
108.987
108.295
107.603
106.91
106.218
105.526
104.833
104.142
103.449
102.757
102.064
101.372
100.68
99.9872
99.2951
98.6029
97.9106
97.2185
96.5261
95.8339
95.1415
94.4495
93.7571
93.0649
92.3727
91.6804
90.9878
90.2954
89.6033
88.9113
88.2189
87.5267
86.8346
86.1423
85.4497
84.7576
84.0655
83.3731
82.6809
81.9887
81.2963
80.6043
79.9116
79.2196
78.5271
77.835
77.1427
76.4503
75.758
75.0658
74.3735
73.6814
72.989
72.2966
71.6046
70.9124
70.2201
77.5329
77.1406
82.0471
86.7734
86.5232
90.0589
91.4436
92.8279
94.2125
95.5972
96.9815
98.3662
99.7507
101.135
102.52
103.904
105.289
106.674
108.058
109.443
110.827
112.212
113.596
114.981
116.365
117.75
119.134
120.519
121.903
123.288
124.672
126.057
127.441
128.826
130.21
131.595
132.98
134.365
135.749
137.133
138.518
139.903
141.287
142.671
144.056
145.44
146.825
148.21
149.594
150.979
152.363
153.748
147.712
148.818
145.013
141.375
142.35
139.816
139.275
138.735
138.194
137.653
137.113
136.573
136.032
135.491
134.951
134.411
133.87
133.33
132.789
132.248
131.708
131.167
130.627
130.086
129.546
129.006
128.465
127.924
127.384
126.843
126.303
125.762
125.222
124.681
124.141
123.6
123.06
122.519
121.979
121.438
120.898
120.357
119.816
119.276
118.736
118.195
117.655
117.114
116.574
116.033
115.493
114.952
114.412
113.871
113.33
112.79
112.25
111.709
111.168
110.628
110.088
109.547
109.006
108.466
107.925
107.385
106.844
106.304
105.764
105.223
104.682
104.142
103.601
103.061
102.52
101.98
101.439
100.899
100.358
99.8177
99.2773
98.737
98.1964
97.6555
97.1151
96.5748
96.0344
95.4936
94.9532
94.4128
93.8724
93.3317
92.7908
92.2507
91.71
91.1697
90.6291
90.0887
89.5479
89.0076
88.467
87.9265
87.386
86.8456
86.305
85.7643
85.2239
84.6835
84.1431
83.6026
83.062
91.659
91.4609
97.3111
102.955
102.92
107.206
109.035
110.866
112.696
114.526
116.356
118.186
120.016
121.846
123.676
125.507
127.336
129.167
130.997
132.827
134.657
136.487
138.317
140.147
141.977
143.807
145.638
147.468
149.297
151.128
152.958
154.788
156.618
158.448
160.278
162.108
163.938
165.768
167.599
169.428
171.259
173.089
174.918
176.749
178.579
180.409
182.239
184.069
185.899
187.729
189.56
191.39
193.22
187.395
188.938
185.415
182.064
183.471
181.258
181.102
180.946
180.79
180.635
180.479
180.322
180.167
180.011
179.855
179.699
179.543
179.387
179.232
179.076
178.92
178.764
178.608
178.452
178.297
178.141
177.985
177.829
177.673
177.518
177.362
177.206
177.05
176.894
176.738
176.582
176.426
176.271
176.115
175.959
175.803
175.648
175.491
175.335
175.18
175.024
174.868
174.713
174.556
174.401
174.245
174.089
173.933
173.777
173.622
173.466
173.31
173.154
172.998
172.843
172.686
172.531
172.375
172.219
172.064
171.907
171.752
171.596
171.44
171.284
171.128
170.973
170.817
170.661
170.505
170.349
170.193
167.276
167.017
164.929
162.904
162.596
160.982
160.109
159.237
158.364
157.492
156.62
155.748
154.875
154.003
153.131
152.258
151.386
150.514
149.641
148.769
147.897
147.025
146.152
145.28
144.408
143.535
142.663
141.791
140.919
140.046
139.174
138.302
137.429
136.557
135.685
134.813
133.94
133.068
132.195
131.323
130.451
129.579
128.706
127.834
126.961
126.089
125.218
125.5
124.671
124.606
124.516
123.707
123.444
122.872
122.299
121.727
121.154
120.581
120.008
119.436
118.863
118.29
117.718
117.145
116.572
116.0
115.427
114.854
114.282
113.709
113.136
112.563
111.991
111.418
110.846
110.272
109.7
109.128
108.555
107.982
107.409
106.837
106.264
105.691
105.119
104.546
103.973
103.4
102.828
102.255
101.682
101.109
100.537
99.964
99.3914
98.8186
98.2464
97.6732
97.1005
96.5279
95.9552
95.3825
94.8099
94.2371
93.6648
93.0919
92.5188
91.9462
91.3736
90.8011
90.2281
89.6556
89.0828
88.5099
87.9375
87.3649
86.7919
86.2193
85.6467
85.0742
84.5013
83.9285
83.3562
82.7832
82.2107
81.6379
81.065
80.4925
79.9196
79.347
78.7743
78.2015
77.6288
77.0565
76.4835
75.9111
75.3382
74.7655
74.1926
73.6201
73.0476
72.4747
71.9022
71.3293
70.7565
70.1841
69.6112
69.0386
68.466
67.893
67.3205
66.7479
66.1751
65.6027
65.0299
64.457
63.8844
67.8317
67.4284
70.017
72.5039
72.1807
73.9956
74.5952
75.1954
75.7954
76.3954
76.9954
77.5953
78.195
78.7951
79.3951
79.9951
80.5951
81.1951
81.7954
82.395
82.995
83.5948
84.1949
84.7949
85.3949
85.9949
86.5948
87.1947
87.7948
88.3944
88.9946
89.5947
90.1944
90.7944
91.3946
91.9946
92.5945
93.1944
93.7944
94.3945
94.9943
95.5943
96.1943
96.7939
97.3943
97.9941
98.5941
99.1942
99.794
100.394
100.994
101.594
102.194
102.794
103.394
103.994
104.593
105.194
105.794
106.394
105.109
105.638
104.921
104.245
104.741
104.346
104.457
104.568
104.679
104.79
104.901
105.012
105.124
105.235
105.346
105.457
105.568
105.679
105.79
105.901
106.012
106.124
106.234
106.346
106.457
106.568
106.679
106.79
106.901
107.012
107.123
107.235
107.346
107.457
107.568
107.679
107.79
107.901
108.012
108.123
108.234
108.346
108.457
108.568
108.679
108.79
108.901
109.012
109.123
109.235
109.345
109.457
109.568
109.679
109.79
109.901
110.012
110.123
110.234
110.346
110.457
110.568
110.679
110.79
110.901
111.012
111.123
111.235
111.345
111.456
111.568
111.679
109.033
109.041
107.224
105.469
105.428
104.082
103.478
102.874
102.27
101.666
101.062
100.458
99.8536
99.2494
98.6455
98.041
97.4368
96.8329
96.2287
95.6246
95.0208
94.4164
93.8124
93.208
92.6039
91.9997
91.3959
90.7916
90.1874
89.5833
88.9792
88.3749
87.7708
87.1668
86.5626
85.9586
85.3544
84.7505
84.146
83.542
82.9379
82.3337
81.7295
81.1257
80.5216
79.9172
79.3132
78.7089
81.2249
80.7377
82.3158
83.8237
83.3919
84.4356
84.6411
84.8465
85.0517
85.2569
85.4624
85.6677
85.8729
86.0784
86.2837
86.4891
86.6945
86.8999
87.1053
87.3106
87.5159
87.7214
87.9265
88.132
88.3373
88.5428
88.7479
88.9533
89.1587
89.364
89.5694
89.7746
89.9802
90.1854
90.3909
90.596
90.8016
91.0068
91.2122
91.4173
91.6227
91.8283
92.0335
92.2388
92.4442
92.6497
92.8549
93.0602
93.2655
93.4707
93.6762
93.8815
94.0871
94.2924
94.4977
94.7031
94.9083
95.1137
95.3192
95.5242
95.7296
95.9347
96.1403
96.3459
96.5514
96.7566
96.9616
97.1671
97.3727
97.578
97.7832
97.9884
98.1939
98.399
98.6044
98.81
99.0154
99.2209
99.4262
99.6316
99.8367
100.042
100.247
100.453
100.658
100.863
101.069
101.274
101.479
101.684
101.89
102.096
102.301
102.506
102.711
102.917
103.122
103.328
103.533
103.738
103.944
104.149
104.354
104.559
104.765
104.97
105.176
105.381
105.586
105.792
105.997
106.202
105.465
105.635
105.181
104.748
104.902
104.609
104.57
104.531
104.491
104.452
104.413
104.374
104.335
104.296
104.256
104.217
104.178
104.139
104.099
104.06
104.021
103.982
103.943
103.903
103.864
103.825
103.786
103.747
103.707
103.668
103.629
103.59
103.55
103.511
103.472
103.433
103.394
103.354
103.315
103.276
103.237
103.197
103.158
103.119
103.08
103.041
103.002
102.962
102.923
102.884
102.844
106.214
106.303
108.648
110.916
111.065
112.827
113.672
114.517
115.362
116.207
117.052
117.897
118.743
119.588
120.433
121.278
122.123
122.969
123.814
124.659
125.504
126.349
127.195
128.04
128.885
129.73
130.575
131.421
132.266
133.111
133.956
134.801
135.647
136.492
137.337
138.182
139.028
139.873
140.718
141.563
142.408
143.253
144.099
144.944
145.789
146.634
147.479
148.324
149.17
150.015
150.86
151.705
152.55
153.396
154.241
155.086
155.931
156.777
157.622
158.467
159.312
160.158
161.002
161.848
162.693
163.538
164.383
165.228
166.074
166.919
167.764
168.609
169.454
170.3
171.145
171.99
172.835
173.68
174.525
175.371
176.216
177.061
177.906
178.751
178.672
179.482
179.68
179.9
180.693
181.05
181.656
182.261
182.866
183.471
184.077
184.682
185.287
185.893
186.497
187.103
187.708
188.313
188.918
189.523
190.129
190.734
191.339
191.945
192.55
193.155
193.76
194.366
194.971
195.576
196.182
196.786
197.392
197.997
198.602
199.207
199.812
200.418
198.654
199.17
198.118
197.12
197.594
196.948
196.939
196.929
196.92
196.91
196.901
196.892
196.882
196.873
196.864
196.854
196.844
196.835
196.826
196.816
196.806
196.797
196.788
196.779
196.768
196.76
196.75
196.741
196.731
196.722
196.712
196.703
196.694
196.684
196.675
196.664
196.655
196.646
196.637
196.627
196.618
196.609
196.6
196.59
196.58
196.571
196.561
196.552
196.542
196.533
196.524
196.515
196.505
196.496
196.486
196.477
196.467
196.457
196.448
196.439
196.429
196.42
196.411
196.401
196.391
196.382
196.373
196.363
196.354
196.345
196.335
196.326
196.316
196.307
196.297
196.288
196.278
196.269
196.259
196.25
196.241
196.231
196.222
196.213
196.203
196.194
196.184
196.175
196.166
196.156
196.146
196.137
196.127
196.118
196.109
196.099
196.09
196.08
196.071
196.062
196.052
196.043
196.033
196.024
196.014
196.005
198.729
198.823
200.727
202.567
202.709
204.144
204.843
205.544
206.243
206.944
207.643
208.343
209.043
209.743
210.444
211.143
211.843
212.543
213.244
213.943
214.644
215.344
216.043
216.743
217.443
218.143
218.843
219.543
220.243
220.943
221.643
222.343
223.043
223.743
224.443
225.142
225.842
226.542
227.243
227.942
228.643
229.343
230.043
230.741
231.442
232.142
232.842
233.543
234.242
234.943
235.641
236.342
237.042
237.742
238.442
239.142
239.842
240.542
241.242
241.942
242.311
242.998
243.468
243.944
244.626
245.152
245.765
246.38
246.994
247.608
248.222
248.837
249.45
250.065
250.679
251.294
251.909
252.522
253.136
253.751
254.365
254.979
255.594
256.208
256.822
257.436
258.051
258.665
259.279
259.893
260.507
261.121
261.736
262.351
262.965
263.579
264.193
264.808
265.422
266.036
266.651
267.265
267.879
268.492
269.107
269.721
270.335
270.95
271.565
272.179
272.792
273.407
274.021
274.636
275.249
275.864
276.478
277.092
277.706
278.321
278.935
279.55
280.164
280.778
281.392
282.006
282.621
283.235
283.849
284.464
277.928
278.275
273.888
269.663
269.882
266.719
265.479
264.238
262.998
261.757
260.517
259.275
258.034
256.794
255.553
254.313
253.072
251.832
250.591
249.351
248.109
246.869
245.628
244.387
243.147
241.906
240.666
239.425
238.184
236.943
235.703
234.462
233.221
231.981
230.74
229.499
228.258
227.018
225.778
224.536
223.296
222.056
220.815
219.574
218.333
217.092
215.852
214.611
213.371
212.13
210.89
209.648
208.409
207.167
208.648
207.509
208.172
208.774
207.683
207.88
207.346
206.811
206.276
205.741
205.207
204.673
204.138
203.603
203.069
202.534
201.999
201.464
200.93
200.395
199.861
199.326
198.792
198.256
197.723
197.188
196.653
196.118
195.584
195.049
194.514
193.98
193.446
192.91
192.376
191.842
191.306
190.771
190.237
189.703
189.168
188.634
188.099
187.564
187.03
186.495
185.96
185.426
184.891
184.357
183.822
183.288
182.752
182.218
181.683
181.148
180.614
180.079
179.545
179.01
178.476
177.941
177.407
176.872
176.337
175.802
175.268
174.734
174.198
173.664
173.129
172.594
172.06
171.525
170.991
170.456
169.922
169.387
168.853
168.318
167.783
167.248
166.714
166.18
165.644
165.11
164.576
164.041
163.506
162.971
162.437
161.903
161.367
160.833
160.298
159.764
159.229
158.695
158.16
157.625
157.091
160.019
159.613
161.5
163.31
162.966
164.26
164.624
164.988
165.351
165.714
166.078
166.442
166.805
167.169
167.532
167.896
168.26
168.623
168.987
169.351
169.714
170.078
170.442
170.805
171.169
171.532
171.896
172.259
172.623
172.987
173.35
173.714
174.077
174.441
174.805
175.168
175.532
175.896
176.259
176.623
176.986
177.35
177.714
178.077
178.441
178.805
179.168
179.532
179.895
180.259
180.623
180.986
181.35
181.713
182.077
182.441
182.804
183.168
183.532
183.895
184.259
184.623
184.986
185.349
185.713
186.077
179.23
179.324
174.645
170.128
170.093
166.648
165.142
163.635
162.128
160.62
159.113
157.607
156.1
154.593
153.086
151.579
150.072
148.565
147.058
145.551
144.044
142.537
141.03
139.523
138.016
136.509
135.002
133.495
131.988
130.482
128.974
127.468
125.961
124.454
122.947
121.439
119.933
118.426
116.919
115.412
113.905
112.398
110.891
109.384
107.877
106.37
104.863
103.356
101.849
100.342
98.8354
97.3284
95.8216
94.3144
92.8075
91.3006
89.7934
88.2863
86.7798
85.2726
83.7657
82.2585
80.7517
79.2449
77.7379
76.2309
74.724
73.2171
71.7097
70.2031
68.6961
77.9658
76.8626
82.8928
88.6799
87.7681
91.9529
93.242
94.5304
95.8195
97.1083
98.3971
99.6857
100.975
102.263
103.552
104.841
106.13
107.419
108.708
109.997
111.285
112.574
113.863
115.152
116.441
117.729
119.018
120.307
121.596
122.885
124.173
125.462
126.751
128.04
129.329
130.618
131.906
133.195
134.484
135.773
137.061
138.35
139.639
140.928
142.217
137.79
138.864
136.155
133.575
134.548
132.817
132.623
132.429
132.235
132.041
131.846
131.653
131.458
131.264
131.07
130.876
130.682
130.488
130.293
130.099
129.905
129.711
129.517
129.322
129.128
128.934
128.74
128.546
128.352
128.157
127.963
127.769
127.575
127.381
127.187
126.992
126.798
126.604
126.41
126.216
126.021
125.827
125.633
125.44
125.245
125.051
124.857
124.663
124.468
124.274
124.08
123.886
123.692
123.498
123.303
123.109
122.915
122.721
122.527
122.333
122.139
121.944
121.75
121.556
121.362
121.167
120.973
120.779
120.585
120.391
120.197
120.002
119.808
119.614
119.42
119.226
119.032
118.837
118.644
118.449
118.255
118.061
117.867
117.673
117.478
117.285
117.09
116.896
116.702
116.507
116.313
116.119
115.925
115.731
115.537
115.343
115.149
114.954
114.76
114.566
114.371
114.178
113.983
117.032
116.959
119.033
121.033
121.018
122.537
123.183
123.83
124.477
125.124
125.771
126.419
127.065
127.713
128.36
129.007
129.654
130.301
130.948
131.595
132.242
132.889
133.536
134.183
134.83
135.477
136.124
136.771
137.418
138.065
138.712
139.359
140.006
140.653
141.3
141.947
142.594
143.241
143.888
144.535
145.182
145.829
146.476
147.123
147.771
148.417
149.064
149.712
150.358
151.005
151.652
152.299
152.947
153.594
154.241
154.888
155.535
156.182
156.829
157.476
158.123
158.77
159.417
160.064
160.711
161.358
162.005
162.652
156.892
157.299
153.465
149.776
150.069
147.332
146.317
145.302
144.287
143.272
142.256
141.242
140.227
139.212
138.196
137.181
136.166
135.151
134.136
133.121
132.106
131.091
130.076
129.061
128.045
127.03
126.015
125.0
123.985
122.97
121.955
120.94
119.925
118.91
117.894
116.879
115.864
114.849
113.834
112.819
111.804
110.789
109.774
108.759
107.744
106.729
105.713
104.698
103.683
102.668
101.653
100.638
99.6224
98.6075
97.5924
96.5774
95.5622
94.5473
93.5323
92.5169
91.502
90.4864
89.4715
88.4565
87.4414
86.4264
87.4361
86.497
86.8982
87.2536
86.3504
86.4047
85.915
85.4251
84.9354
84.4457
83.9561
83.4664
82.9763
82.4867
81.9968
81.5071
81.0176
80.5277
80.0378
79.5478
79.0582
78.5685
78.0788
77.589
77.0993
76.6093
76.1195
75.6299
75.1401
74.6503
74.1608
73.6706
73.181
72.6911
72.2014
71.7118
71.2218
70.7323
70.2424
69.7527
69.2629
68.7732
68.2834
67.7936
67.3038
66.8143
66.3245
65.8347
65.3447
69.0335
68.7005
71.1331
73.4717
73.2126
74.9302
75.5243
76.1184
76.7132
77.3074
77.9017
78.4959
79.0902
79.6844
80.2788
80.8731
81.4674
82.0617
82.656
83.2502
83.8447
84.439
85.0334
85.6276
86.2219
86.816
87.4104
88.0048
88.5988
89.1935
89.7877
90.3821
90.9766
91.5704
92.1651
92.7592
93.3533
93.948
94.5419
95.1364
95.7307
96.3252
96.9193
97.5137
98.1079
98.7022
99.2964
99.8911
100.485
101.079
101.674
102.268
102.862
103.457
104.051
104.645
105.239
105.834
106.428
107.023
107.617
108.211
108.805
109.4
109.994
110.588
111.183
111.777
112.371
112.966
113.56
114.154
114.749
115.343
115.937
116.531
117.126
117.72
118.315
118.909
119.503
120.097
120.692
121.286
121.88
122.475
123.069
123.663
124.257
124.852
125.446
126.04
126.635
127.229
127.823
128.417
129.012
129.607
130.201
130.795
131.389
131.983
132.578
133.172
133.766
134.361
136.392
137.041
138.64
140.207
140.88
142.234
143.201
144.168
145.135
146.103
147.069
148.037
149.004
149.971
150.939
151.906
152.873
153.84
154.807
155.774
156.741
157.708
158.676
159.643
160.61
161.577
162.544
163.512
164.479
165.446
166.413
167.38
168.347
169.315
170.282
171.249
172.216
173.183
174.15
175.118
176.084
177.052
178.019
178.986
179.954
180.921
181.888
182.854
183.822
184.789
185.756
186.724
187.69
188.658
189.625
190.592
191.559
192.526
193.493
194.461
195.428
189.133
189.829
185.718
181.77
182.336
179.468
178.552
177.636
176.718
175.802
174.885
173.969
173.052
172.135
171.219
170.302
169.385
168.469
167.552
166.635
165.719
164.803
163.886
162.969
162.053
161.136
160.219
159.303
158.386
157.47
156.553
155.636
154.72
153.803
152.886
151.97
151.053
150.137
149.22
148.303
147.387
146.47
145.553
144.637
143.72
142.804
141.887
140.97
140.054
139.137
138.221
137.304
136.388
135.47
134.554
133.638
132.721
131.804
130.888
129.971
129.054
128.137
127.221
126.304
125.388
124.471
123.555
122.638
121.721
120.805
119.888
118.971
129.632
129.149
136.329
143.249
142.972
148.17
150.256
152.343
154.43
156.517
158.604
160.691
162.778
164.864
166.951
169.038
171.125
173.212
175.299
177.385
179.472
181.559
183.646
185.733
187.82
189.906
191.993
194.08
196.167
198.254
200.341
202.428
204.514
206.601
208.688
210.775
212.862
214.948
217.036
219.122
221.209
223.296
225.383
227.47
229.557
231.643
223.374
225.072
219.916
214.992
216.508
213.124
212.525
211.924
211.325
210.725
210.125
209.525
208.924
208.325
207.725
207.125
206.525
205.925
205.326
204.725
204.125
203.526
202.925
202.325
201.725
201.126
200.525
199.926
199.326
198.726
198.125
197.526
196.926
196.326
195.725
195.126
194.526
193.926
193.326
192.725
192.125
191.526
190.926
190.326
189.726
189.126
188.527
187.926
187.326
186.726
186.127
185.526
184.927
184.326
183.726
183.126
182.527
181.927
181.327
180.727
180.127
179.527
178.926
178.326
177.727
177.127
176.527
175.926
175.327
174.727
174.128
173.527
172.927
172.327
171.727
171.127
170.527
169.927
169.327
168.727
168.127
167.527
166.927
166.327
165.727
165.127
164.527
163.927
163.327
162.727
162.128
161.528
160.927
160.328
159.728
159.128
158.528
157.928
157.328
156.728
156.127
155.528
154.928
154.328
153.728
153.128
152.528
151.928
151.328
150.728
158.485
158.198
163.442
168.5
168.361
172.175
173.744
175.311
176.88
178.448
180.016
181.583
183.152
184.72
186.288
187.856
189.424
190.992
192.561
194.128
195.696
197.264
198.833
200.401
201.969
203.537
205.105
206.673
208.242
209.81
211.378
212.945
214.514
216.082
217.65
219.218
220.786
222.355
223.922
225.491
227.059
228.627
230.195
231.763
225.305
226.572
222.526
218.661
219.786
217.114
216.6
216.086
215.572
215.057
214.544
214.029
213.515
213.0
212.487
211.972
211.458
210.944
210.429
209.915
209.401
208.887
208.372
207.858
207.344
206.83
206.315
205.801
205.287
204.773
204.259
203.744
203.23
202.715
202.202
201.687
201.173
200.659
200.145
199.63
199.116
198.602
198.087
197.574
197.059
196.544
196.031
195.515
195.002
194.487
193.974
193.459
192.945
192.43
191.916
191.402
190.888
190.374
189.859
189.345
188.831
188.317
187.802
187.288
186.774
186.259
185.744
185.231
184.716
184.202
182.438
181.876
180.488
179.127
178.544
177.369
176.53
175.691
174.853
174.014
173.176
172.337
171.498
170.66
169.821
168.982
168.143
167.304
166.466
165.627
164.789
163.951
163.112
162.273
161.435
160.596
159.757
158.918
158.08
157.241
156.402
155.564
154.725
153.886
153.047
152.209
151.37
150.532
149.693
148.854
148.015
147.177
146.338
145.5
144.661
143.822
142.984
142.145
141.306
140.467
139.629
138.791
137.952
137.113
136.275
135.436
134.597
133.758
132.919
132.081
131.243
130.404
132.518
131.789
133.016
134.175
133.5
134.22
134.148
134.075
134.002
133.929
133.856
133.784
133.711
133.638
133.566
133.493
133.42
133.347
133.275
133.202
133.129
133.057
132.984
132.911
132.838
132.766
132.693
132.621
132.548
132.475
132.403
132.329
132.257
132.184
132.112
132.039
131.966
131.893
131.821
131.748
131.675
131.603
131.53
131.457
131.385
131.311
131.239
131.166
131.093
131.02
130.948
130.875
130.803
130.73
130.657
130.584
130.512
130.439
130.366
130.294
130.221
130.148
130.075
130.003
129.93
129.857
129.784
129.712
129.639
129.566
129.494
129.421
129.348
129.275
129.202
129.13
129.057
128.984
128.912
128.839
128.766
128.693
128.621
128.548
128.475
128.403
128.33
128.257
128.184
128.112
128.039
127.966
127.893
127.821
127.748
127.675
127.603
127.53
127.457
127.384
127.312
127.239
127.166
127.093
127.021
126.948
126.875
126.802
126.73
126.657
126.998
126.941
127.156
127.364
127.314
127.459
127.494
127.528
127.563
127.597
127.632
127.666
127.701
127.735
127.769
127.804
127.839
127.873
127.908
127.942
127.977
128.011
128.046
128.08
128.114
128.149
128.183
128.218
128.252
128.287
128.321
128.356
128.39
128.425
128.459
128.494
128.528
128.563
128.597
128.632
128.666
128.701
128.735
128.769
128.804
128.839
128.873
128.907
128.942
128.977
129.011
129.045
129.08
129.114
129.149
129.183
129.218
129.253
125.735
125.636
123.186
120.816
120.655
118.813
117.926
117.039
116.152
115.265
114.378
113.49
112.604
111.717
110.83
109.943
109.056
108.169
107.281
106.394
105.507
104.62
103.733
102.846
101.959
101.072
100.185
99.2981
98.4112
97.524
96.637
95.75
94.8629
93.9753
93.0884
92.2017
91.3148
90.4276
89.5405
88.6534
87.7665
86.8792
85.9926
85.1051
84.2183
83.3312
82.4442
81.557
80.67
79.7828
78.8961
78.0088
77.1219
76.2349
75.3477
74.4607
73.574
72.6866
71.7995
70.9126
70.0255
69.1383
81.8812
81.505
90.1502
98.489
98.3547
104.666
107.315
109.964
112.613
115.262
117.911
120.56
123.209
125.858
128.507
131.156
133.805
136.454
139.103
141.752
144.401
147.05
149.699
152.348
154.997
157.646
160.295
162.944
165.593
168.242
170.891
173.54
176.189
178.838
181.487
184.136
186.785
189.434
192.083
194.731
197.381
200.029
202.678
205.328
207.977
210.626
213.275
215.924
218.572
221.222
223.871
226.52
229.168
231.817
234.467
237.115
239.764
229.501
231.666
225.284
219.194
221.129
216.958
216.258
215.556
214.855
214.155
213.454
212.753
212.052
211.351
210.65
209.949
209.249
208.548
207.847
207.145
206.445
205.744
205.043
204.342
203.641
202.941
202.24
201.538
200.838
200.137
199.436
198.735
198.034
197.333
196.632
195.932
195.231
194.529
193.829
193.128
192.427
191.726
191.026
190.325
189.624
188.922
188.222
187.521
186.82
186.119
185.418
184.718
184.017
183.315
182.614
181.914
181.213
180.511
179.811
179.11
178.409
177.708
177.007
176.307
175.606
174.904
174.204
173.503
172.802
172.101
171.4
170.7
169.999
169.297
168.596
167.895
167.195
166.493
165.793
165.093
164.392
163.69
162.989
162.288
161.588
160.887
160.186
159.485
158.784
158.083
157.382
156.681
155.98
155.28
154.579
153.878
153.177
152.476
151.775
151.074
150.373
149.672
148.972
148.271
147.569
146.869
146.168
144.441
143.701
142.283
140.887
140.13
138.886
137.919
136.952
135.985
135.018
134.051
133.083
132.116
131.149
130.182
129.215
128.247
127.28
126.314
125.346
124.379
123.412
122.445
121.478
120.51
119.543
118.576
117.609
116.642
115.675
114.707
113.74
112.773
111.806
110.839
109.872
108.904
107.937
106.97
106.003
105.036
104.069
103.102
102.134
101.167
100.2
99.2328
98.2656
97.2985
96.3313
95.3642
94.3968
93.4301
92.4629
91.4957
90.5286
89.5611
88.594
87.6269
86.6599
85.6924
90.5883
89.8409
92.9739
95.9751
95.3315
97.461
98.0148
98.5687
99.1223
99.6761
100.23
100.784
101.338
101.891
102.445
102.999
103.553
104.107
104.66
105.214
105.768
106.322
106.876
107.43
107.984
108.537
109.091
109.645
110.198
110.752
111.306
111.86
112.414
112.968
113.521
114.075
114.629
115.183
115.737
116.291
116.845
117.398
117.952
118.506
119.06
119.614
120.167
120.721
121.275
121.829
122.383
122.936
123.49
124.044
124.598
125.152
125.705
126.259
126.813
127.367
127.921
128.475
129.029
129.582
130.136
132.065
132.671
134.186
135.672
136.301
137.581
138.492
139.403
140.313
141.224
142.135
143.045
143.956
144.867
145.777
146.688
147.598
148.51
149.42
150.331
151.241
152.152
153.063
153.974
154.884
155.795
156.705
157.616
158.527
159.437
160.348
161.259
162.169
163.08
163.991
164.901
165.812
166.723
167.633
168.544
169.455
170.365
171.276
172.187
173.098
174.008
174.919
175.829
176.74
177.651
178.561
179.472
180.382
181.294
182.204
183.115
177.129
177.782
173.869
170.112
170.641
167.91
167.031
166.152
165.274
164.396
163.517
162.639
161.761
160.882
160.004
159.125
158.247
157.368
156.49
155.612
154.733
153.855
152.976
152.098
151.219
150.341
149.462
148.584
147.705
146.827
145.948
145.07
144.191
143.313
142.434
141.556
140.678
139.799
138.921
138.042
137.164
136.285
135.407
134.528
133.65
132.771
131.892
131.015
130.137
129.258
128.379
127.501
126.623
125.744
124.866
123.987
123.108
122.23
121.351
120.473
119.595
118.716
117.838
116.959
116.081
115.202
114.324
113.445
112.567
111.689
110.81
109.931
109.053
108.175
107.296
106.418
105.539
104.661
103.782
102.904
102.026
101.147
100.268
99.3904
98.5117
97.6332
96.7548
95.8763
94.9978
94.1195
93.2409
92.3623
91.484
90.6054
89.727
88.8485
87.9702
87.0919
86.2131
85.3349
84.4562
83.5777
82.6994
81.8206
80.9425
80.0637
79.1855
87.0098
86.4573
91.6654
96.6771
96.2793
99.9971
101.376
102.755
104.135
105.514
106.893
108.273
109.652
111.031
112.41
113.789
115.169
116.548
117.927
119.306
120.686
122.065
123.444
124.823
126.203
127.582
128.961
130.34
131.72
133.099
134.478
135.857
137.236
138.616
139.995
141.375
142.754
144.132
145.512
146.891
148.271
149.65
151.029
152.408
153.787
155.167
156.546
157.925
159.305
160.683
162.063
163.442
164.821
166.201
167.58
168.959
170.338
171.717
163.32
164.333
158.875
153.637
154.476
150.691
149.535
148.378
147.22
146.063
144.907
143.749
142.592
141.435
140.278
139.121
137.963
136.807
135.649
134.493
133.335
132.178
131.021
129.864
128.707
127.55
126.393
125.236
124.079
122.922
121.765
120.608
119.45
118.293
117.136
115.979
114.822
113.665
112.508
111.351
110.194
109.037
107.88
106.722
105.565
104.408
103.251
102.094
100.937
99.7804
98.6231
97.4658
96.3089
95.1518
93.9948
92.8375
91.6806
90.5234
89.3663
88.2093
87.0522
85.895
84.7379
83.5809
82.4238
81.2668
80.1097
78.9528
77.7956
76.6385
84.8336
84.0269
89.4106
94.5834
93.9431
97.7253
98.9946
100.264
101.533
102.802
104.071
105.341
106.61
107.879
109.148
110.417
111.686
112.956
114.225
115.494
116.763
118.032
119.301
120.57
121.84
123.109
124.378
125.647
126.916
128.185
129.454
130.724
131.993
133.262
134.531
135.801
137.07
138.339
139.608
140.877
142.146
143.415
144.684
145.954
147.223
148.492
149.761
151.031
152.299
153.568
154.839
156.107
153.035
154.141
152.374
150.705
151.734
150.71
150.853
150.995
151.139
151.282
151.424
151.567
151.71
151.853
151.996
152.138
152.281
152.424
152.567
152.71
152.853
152.996
153.139
153.281
153.424
153.567
153.71
153.853
153.996
154.139
154.281
154.424
154.567
154.71
154.853
154.995
155.138
155.281
155.424
155.567
155.709
155.853
155.995
156.138
156.281
156.424
156.567
156.71
156.853
156.995
157.138
157.281
157.424
157.567
157.709
157.852
157.995
158.138
158.281
158.424
158.567
158.71
158.853
158.995
159.138
159.281
159.424
159.567
159.709
159.852
159.995
160.138
160.281
160.424
160.566
160.709
160.852
160.995
161.138
161.281
161.424
161.567
161.71
161.852
161.995
162.138
162.281
162.424
162.567
162.709
162.852
162.995
163.138
163.281
163.424
163.567
163.709
163.852
163.996
164.138
164.281
164.424
164.566
164.709
164.852
161.064
161.059
158.452
155.934
155.859
153.925
153.048
152.171
151.294
150.417
149.539
148.663
147.786
146.908
146.031
145.154
144.277
143.4
142.523
141.645
140.768
139.892
139.014
138.137
137.26
136.383
135.506
134.628
133.751
132.874
131.997
131.12
130.243
129.366
128.488
127.611
126.734
125.857
124.98
124.103
123.225
122.349
121.471
120.594
119.717
118.84
117.963
117.085
116.208
115.332
114.454
113.577
112.7
111.823
110.946
110.068
109.191
110.85
110.068
110.965
111.804
111.067
111.53
111.311
111.092
110.872
110.653
110.434
110.215
109.995
109.776
109.557
109.338
109.119
108.899
108.68
108.461
108.242
108.023
107.804
107.585
107.365
107.146
106.927
106.708
106.489
106.27
106.051
105.831
105.612
105.393
105.174
104.955
104.736
104.517
104.297
104.078
103.859
103.639
103.421
103.201
102.982
102.763
102.544
102.325
102.105
101.886
101.667
101.448
101.229
101.01
100.791
100.571
100.352
100.133
99.9139
99.6947
99.4756
99.2563
99.037
98.818
98.599
98.3797
98.1607
97.9415
97.7223
97.5034
97.284
97.0646
96.8456
106.984
107.153
114.178
120.97
121.322
126.574
129.042
131.51
133.978
136.446
138.914
141.381
143.849
146.318
148.786
151.253
153.722
156.19
158.657
161.125
163.593
166.061
168.529
170.997
173.465
175.933
178.401
180.869
183.336
185.805
188.272
190.741
193.209
195.676
198.144
200.612
203.08
205.548
208.016
210.484
212.952
215.42
217.888
220.356
222.824
225.292
227.76
218.437
220.464
214.686
209.173
210.99
207.23
206.64
206.048
205.457
204.867
204.276
203.685
203.094
202.503
201.912
201.322
200.731
200.14
199.548
198.958
198.367
197.776
197.185
196.594
196.003
195.413
194.822
194.231
193.64
193.049
192.458
191.867
191.276
190.686
190.094
189.504
188.913
188.322
187.731
187.14
186.549
185.958
185.368
184.777
184.186
183.595
183.004
182.413
181.823
181.232
180.641
180.05
179.459
178.868
178.277
177.686
177.096
176.505
175.914
175.323
174.732
174.141
173.55
172.959
172.368
171.777
171.186
170.596
170.005
169.413
168.823
168.232
167.641
167.05
166.46
165.869
165.278
164.687
164.096
163.505
162.914
162.323
161.732
161.142
160.551
159.96
159.369
158.778
158.187
157.597
157.006
156.414
155.823
155.233
154.642
154.051
153.46
152.869
152.279
151.687
151.097
150.506
149.915
149.324
148.733
148.142
147.551
146.961
146.369
145.779
150.791
150.41
153.737
156.939
156.658
159.026
159.888
160.752
161.614
162.477
163.34
164.202
165.065
165.928
166.791
167.653
168.516
169.379
170.241
171.104
171.966
172.829
173.692
174.555
175.417
176.28
177.143
178.005
178.868
179.731
180.594
181.456
182.32
183.182
184.044
184.907
185.77
186.633
187.495
188.358
189.221
190.083
190.946
191.808
192.672
193.534
194.397
195.259
196.122
196.985
197.847
188.458
188.936
182.628
176.551
176.848
172.295
170.497
168.701
166.904
165.106
163.309
161.512
159.714
157.917
156.12
154.323
152.526
150.729
148.931
147.134
145.337
143.539
141.742
139.946
138.148
136.351
134.554
132.756
130.96
129.162
127.365
125.568
123.771
121.973
120.176
118.379
116.582
114.785
112.987
111.19
109.393
107.596
105.799
104.001
102.204
100.407
98.6097
96.8124
95.0153
93.2179
91.421
89.6236
87.8263
86.0295
84.232
82.4351
80.638
78.8408
77.0433
75.2465
73.449
71.6516
69.8547
68.0574
66.2605
64.4633
62.6659
60.8686
59.0715
57.2743
55.4772
53.6799
51.8828
50.0856
68.3787
67.3344
79.588
91.3894
90.702
99.5158
102.931
106.346
109.761
113.176
116.59
120.005
123.42
126.835
130.25
133.665
137.08
140.495
143.909
147.325
150.739
154.154
157.569
160.984
164.399
167.814
171.229
174.644
178.058
181.473
184.888
188.303
191.718
195.133
198.548
201.963
205.378
208.793
212.208
215.622
219.038
222.452
225.867
229.282
232.697
236.112
239.527
242.943
246.357
249.772
253.186
256.601
260.017
245.416
248.154
238.969
230.19
232.608
226.509
225.249
223.99
222.731
221.471
220.212
218.953
217.693
216.434
215.175
213.916
212.657
211.397
210.139
208.878
207.62
206.361
205.102
203.842
202.583
201.324
200.065
198.806
197.546
196.287
195.028
193.769
192.51
191.251
189.991
188.732
187.473
186.214
184.955
183.695
182.436
181.177
179.918
178.659
177.399
176.14
174.881
173.622
172.363
171.103
169.845
168.585
167.326
166.067
164.807
163.548
162.289
161.03
159.771
158.512
157.252
155.993
154.733
153.474
152.215
150.956
149.698
148.438
147.179
145.92
144.66
143.401
142.142
140.883
139.624
138.364
137.105
135.846
134.587
133.328
132.068
130.81
129.55
128.291
127.032
125.773
124.513
123.254
121.995
120.736
119.477
118.217
116.958
115.699
114.44
113.181
111.921
110.662
109.403
108.144
106.885
105.626
104.366
103.107
101.848
100.588
99.3294
98.0703
100.782
99.671
101.189
102.617
101.577
102.415
102.186
101.956
101.727
101.498
101.269
101.04
100.811
100.581
100.352
100.123
99.8943
99.6651
99.4359
99.2062
98.9775
98.7481
98.519
98.2902
98.0609
97.8316
97.6028
97.3737
97.1446
96.9153
96.686
96.4568
96.2274
95.9985
95.7692
95.5403
95.311
95.082
94.8524
94.6238
94.3945
94.1654
93.9358
93.707
93.478
93.249
93.0194
92.7902
96.548
96.4682
99.0272
101.497
101.488
103.364
104.169
104.975
105.78
106.585
107.39
108.195
109.001
109.806
110.611
111.416
112.221
113.026
113.831
114.636
115.442
116.247
117.051
117.857
118.662
119.467
120.273
121.078
121.883
122.688
123.493
124.298
125.103
125.909
126.714
127.519
128.324
129.129
129.935
130.739
131.545
132.35
133.155
133.96
134.765
135.57
136.376
137.181
137.985
138.791
139.596
140.401
141.206
142.012
142.817
143.621
144.427
145.232
146.037
146.843
147.648
148.453
149.257
150.063
150.868
151.673
152.478
153.284
154.089
154.894
155.699
156.504
157.31
158.115
158.92
159.725
160.53
161.525
162.338
163.276
164.21
165.025
165.931
166.786
167.64
168.494
169.35
170.204
171.058
171.913
172.767
173.622
174.476
175.33
176.184
177.04
177.894
178.749
179.603
180.457
181.312
182.167
183.021
183.875
184.73
185.584
186.439
187.294
188.148
189.002
189.857
190.712
191.566
192.421
193.275
194.129
194.985
195.839
196.693
197.548
198.402
199.256
200.111
200.965
201.82
202.674
203.529
204.384
205.238
206.093
206.948
207.802
205.252
205.979
204.453
203.003
203.67
202.726
202.698
202.67
202.641
202.613
202.584
202.555
202.527
202.498
202.47
202.441
202.412
202.384
202.356
202.327
202.298
202.27
202.241
202.213
202.184
202.156
202.126
202.098
202.07
202.041
202.013
201.984
201.956
201.927
201.898
201.87
201.842
201.813
201.784
201.755
201.727
201.699
201.67
201.641
201.613
201.584
201.555
201.527
201.499
201.47
201.441
201.412
201.384
201.355
201.327
201.299
201.27
201.24
201.212
201.184
201.155
201.128
201.098
201.07
201.041
201.013
200.984
200.956
200.927
200.898
200.87
200.841
200.813
200.784
200.755
200.727
200.698
200.67
200.642
200.613
200.585
200.555
200.527
200.498
200.469
200.441
200.413
200.384
200.356
200.327
200.299
200.269
200.241
200.213
200.185
200.155
200.127
200.099
200.071
200.041
200.013
199.984
199.955
199.927
199.898
195.592
195.402
192.382
189.458
189.194
186.905
185.767
184.628
183.49
182.352
181.214
180.075
178.936
177.798
176.661
175.521
174.383
173.245
172.107
170.968
169.829
168.691
167.552
166.414
165.276
164.137
162.999
161.861
160.722
159.584
158.445
157.307
156.169
155.03
153.892
152.753
151.616
150.477
149.338
148.2
147.061
145.923
144.785
143.647
142.508
141.37
140.231
139.093
137.954
136.816
135.677
134.539
133.401
132.262
131.124
129.986
128.847
127.709
126.57
125.432
124.293
123.155
122.017
120.878
119.74
118.909
117.782
116.858
115.927
114.806
113.83
112.771
111.712
110.653
109.594
108.536
107.477
106.418
105.359
104.3
103.242
102.183
101.124
100.066
99.0066
97.948
96.8893
95.8306
94.7714
93.713
92.6541
91.5952
90.5368
89.4778
88.4191
87.3604
86.3013
85.2429
84.1841
83.1252
82.0665
81.0078
79.9491
78.8904
77.8315
76.7724
75.714
74.6553
73.5967
72.5378
71.4788
70.4202
69.3613
68.3027
67.2437
66.1851
65.1264
64.0676
63.0087
61.9501
60.8913
59.8324
58.7736
57.715
56.6561
55.5973
54.5386
53.48
52.4212
51.3624
50.3037
49.2449
48.1861
58.209
57.5656
64.2574
70.6996
70.253
75.0472
76.8636
78.6797
80.4958
82.312
84.1285
85.9447
87.7608
89.5769
91.3933
93.2094
95.0258
96.8421
98.6583
100.474
102.291
104.107
105.923
107.739
109.555
111.372
113.188
115.004
116.82
118.637
120.453
122.269
124.086
125.902
127.718
129.534
131.35
133.167
134.982
136.799
138.615
140.431
142.247
144.064
145.88
147.696
149.513
151.329
153.145
151.467
153.153
152.526
151.977
153.6
153.571
154.481
155.391
156.301
157.211
158.12
159.031
159.941
160.85
161.76
162.67
163.58
164.49
165.4
166.309
167.219
168.129
169.039
169.949
170.859
171.769
172.679
173.588
174.498
175.408
176.318
177.228
178.138
179.048
179.957
180.867
181.777
182.687
183.596
184.506
185.416
186.326
187.237
188.146
189.056
189.966
190.876
191.785
192.696
193.605
194.515
195.425
196.335
197.244
198.155
199.065
199.974
200.884
201.794
202.704
203.613
204.523
205.434
206.344
207.253
208.163
209.073
209.982
210.892
211.803
212.712
213.622
214.532
215.442
216.352
217.261
218.171
219.082
219.991
220.901
221.811
222.721
223.63
224.54
225.45
226.361
227.27
228.18
229.09
230.0
230.91
231.82
232.729
233.639
234.549
235.458
236.369
237.278
238.188
239.099
240.008
240.918
241.828
242.737
243.648
244.558
245.467
246.378
247.287
248.197
249.107
244.197
244.889
241.729
238.699
239.288
237.124
236.523
235.924
235.324
234.724
234.124
233.524
232.924
232.324
231.724
231.123
230.524
229.924
229.324
228.723
228.124
227.524
226.924
226.324
225.724
225.124
224.524
223.924
223.325
222.724
222.124
221.524
220.924
220.324
219.724
219.125
218.524
217.924
217.325
216.725
216.124
215.525
214.925
214.325
213.725
213.124
212.525
211.924
211.325
210.725
210.125
209.525
208.924
208.325
207.725
206.254
205.621
204.412
203.221
202.574
201.514
200.688
199.861
199.035
198.21
197.383
196.558
195.731
194.905
194.078
193.252
192.428
191.601
190.775
189.949
189.123
188.297
187.471
186.645
185.819
184.992
184.167
183.341
182.514
181.689
180.863
180.036
179.21
178.384
177.558
176.733
175.906
175.08
174.254
173.428
172.601
171.776
170.95
170.124
169.298
168.471
167.645
166.82
165.994
165.167
164.342
163.515
162.689
161.863
161.037
160.211
159.385
158.559
157.733
156.907
156.081
155.255
154.429
153.603
152.777
151.951
151.125
150.298
149.473
161.235
160.881
168.86
176.554
176.423
182.246
184.687
187.126
189.566
192.006
194.446
196.885
199.326
201.765
204.205
206.645
209.085
211.525
213.965
216.404
218.845
221.284
223.725
226.164
228.605
231.044
233.484
235.924
238.363
240.803
243.243
245.683
248.123
250.563
253.003
255.443
257.882
260.323
262.762
265.202
267.642
270.082
272.522
274.961
277.401
279.841
282.281
284.722
287.161
289.601
280.337
282.339
276.594
271.113
272.905
269.164
268.568
267.971
267.376
266.78
266.183
265.586
264.991
264.394
263.797
263.201
262.605
262.008
261.413
260.816
260.22
259.624
259.027
258.431
257.835
257.239
256.643
256.046
255.45
254.853
254.257
253.661
253.064
252.468
251.871
251.275
250.679
250.083
249.486
248.89
248.293
247.697
247.101
246.505
245.909
245.312
244.716
244.12
243.524
242.927
242.331
241.735
241.138
240.542
239.946
239.349
238.753
238.156
237.561
236.964
236.368
235.771
235.176
234.579
233.983
233.387
232.79
232.194
231.597
231.0
230.404
229.808
229.213
228.616
228.02
227.423
226.826
226.23
225.634
225.039
224.442
223.846
223.249
222.653
222.057
221.461
220.864
220.267
219.672
219.076
218.479
217.882
217.286
216.69
216.093
215.498
214.901
214.304
213.708
213.112
212.516
211.92
211.323
210.727
210.131
209.534
208.937
208.342
207.745
210.411
209.937
211.622
213.234
212.818
213.944
214.195
214.445
214.694
214.944
215.194
215.444
215.695
215.945
216.194
216.445
216.694
216.944
217.195
217.445
217.695
217.945
218.194
218.444
218.694
218.945
219.195
219.444
219.694
219.944
220.194
220.445
220.695
220.944
221.194
221.444
221.695
221.944
222.194
222.444
222.694
222.944
223.194
223.444
223.694
223.943
224.194
224.444
224.694
224.944
225.194
225.444
225.694
225.943
226.194
226.443
221.662
221.723
218.453
215.298
215.27
212.862
211.807
210.751
209.696
208.64
207.585
206.529
205.474
204.418
203.363
202.306
201.252
200.196
199.141
198.085
197.029
195.974
194.918
193.863
192.808
191.752
190.697
189.641
188.586
187.53
186.474
185.419
184.363
183.308
182.253
181.197
180.141
179.086
178.031
176.975
175.919
174.864
173.808
172.753
171.697
170.642
169.586
168.53
167.475
166.42
165.364
164.309
163.253
162.198
161.142
160.087
159.032
157.976
156.92
155.865
154.809
153.754
152.698
151.643
150.588
149.532
148.477
147.421
146.366
145.31
144.255
143.199
154.987
154.412
162.339
169.977
169.631
175.359
177.635
179.912
182.188
184.465
186.742
189.018
191.294
193.57
195.847
198.124
200.4
202.676
204.953
207.23
209.506
211.782
214.059
216.335
218.612
220.888
223.165
225.442
227.717
229.994
232.271
234.547
236.823
239.101
241.377
243.653
245.93
248.206
250.482
252.759
255.036
257.312
259.589
261.864
264.142
266.418
268.694
257.153
258.913
251.524
244.448
245.961
240.939
239.63
238.323
237.015
235.706
234.398
233.089
231.781
230.472
229.164
227.856
226.548
225.239
223.931
222.622
221.314
220.005
218.698
217.389
216.081
214.772
213.464
212.156
210.847
209.539
208.231
206.922
205.614
204.306
202.998
201.689
200.38
199.072
197.764
196.456
195.147
193.839
192.531
191.223
189.914
188.606
187.298
185.989
184.681
183.372
182.064
180.756
179.447
178.139
176.83
175.522
174.213
172.905
171.597
170.288
168.981
167.672
166.363
165.055
163.747
162.439
161.13
159.822
158.514
157.205
155.896
154.589
153.281
151.972
150.664
149.355
148.047
146.739
145.43
144.122
142.814
141.506
140.197
138.889
137.581
136.272
134.963
133.655
132.347
131.039
129.73
128.422
127.114
125.805
124.497
123.188
121.88
120.571
119.264
117.955
116.647
115.339
114.03
112.722
111.414
110.105
108.797
111.492
110.333
111.824
113.226
112.138
112.944
112.675
112.405
112.135
111.865
111.595
111.325
111.056
110.786
110.516
110.246
109.976
109.707
109.436
109.167
108.897
108.627
108.357
108.087
107.817
107.548
107.278
107.008
106.738
106.469
106.199
105.929
105.659
105.389
105.12
104.849
104.58
104.31
104.04
103.77
103.501
103.23
102.961
102.691
102.421
102.151
101.881
101.612
101.342
101.072
100.802
100.532
100.263
99.9928
99.7228
99.4532
99.1831
98.9136
98.6434
98.3739
98.1039
97.8338
97.5642
96.793
96.504
95.8836
95.2741
94.9765
94.4419
94.0417
93.6419
93.2421
92.8416
92.4419
92.0419
91.6417
91.2418
90.842
90.4417
90.0422
89.642
89.2419
88.842
88.4421
88.042
87.6419
87.242
86.842
86.4423
86.0423
85.6423
85.2423
84.8422
84.4424
84.0423
83.6424
83.2424
82.8423
82.4423
82.0426
81.6425
81.2425
80.8425
80.4425
80.0424
79.6423
79.2424
78.8427
78.4428
78.0428
77.6428
77.2425
76.8426
76.4427
76.0427
75.6428
75.2428
74.8428
74.4428
74.0429
73.6429
73.2429
72.843
72.4429
72.043
71.6431
71.243
70.8429
80.7312
80.7165
87.5123
94.076
94.2442
99.278
101.547
103.816
106.086
108.355
110.624
112.893
115.162
117.431
119.7
121.969
124.238
126.507
128.776
131.046
133.315
135.584
137.853
140.122
142.391
144.66
146.93
149.199
151.467
153.737
156.006
158.275
160.544
162.813
165.082
167.351
169.621
171.89
174.158
176.428
178.697
180.966
183.235
185.504
187.773
190.042
192.311
194.581
196.85
199.118
201.388
203.657
197.465
199.418
195.769
192.312
194.113
191.913
191.987
192.062
192.136
192.209
192.284
192.358
192.432
192.506
192.579
192.655
192.728
192.802
192.876
192.95
193.024
193.099
193.173
193.247
193.32
193.394
193.469
193.543
193.617
193.691
193.765
193.839
193.913
193.987
194.061
194.135
194.209
194.283
194.358
194.432
194.506
194.579
194.654
194.728
194.802
194.876
194.95
195.024
195.099
195.172
195.246
195.32
195.395
195.469
195.543
195.617
195.691
195.764
195.838
195.913
195.987
196.061
196.135
196.209
196.283
196.357
196.432
196.506
196.58
196.654
196.728
196.802
196.877
196.95
197.024
197.098
197.172
197.246
197.32
197.395
197.468
197.543
197.616
197.691
197.765
197.839
197.913
197.987
198.061
198.136
198.21
198.283
198.357
198.431
198.505
198.58
198.654
198.728
198.802
198.877
198.95
199.024
199.098
199.172
199.246
199.321
199.394
199.469
197.046
197.027
195.354
193.737
193.674
192.428
191.856
191.282
190.708
190.134
189.56
188.987
188.413
187.839
187.265
186.691
186.118
185.545
184.971
184.397
183.823
183.249
182.675
182.102
181.528
180.954
180.38
179.807
179.232
178.659
178.086
177.512
176.938
176.364
175.79
175.216
174.642
174.069
173.496
172.922
172.348
171.775
171.201
170.627
170.053
169.479
168.906
168.332
167.758
167.185
166.61
166.038
165.463
164.89
164.316
163.742
163.168
162.595
162.02
161.447
160.873
156.643
155.932
152.801
149.753
148.977
146.472
144.95
143.428
141.905
140.383
138.861
137.339
135.816
134.294
132.772
131.249
129.727
128.205
126.683
125.16
123.638
122.116
120.593
119.071
117.548
116.026
114.504
112.982
111.459
109.937
108.415
106.892
105.37
103.848
102.326
100.804
99.2809
97.7583
96.2364
94.714
93.1917
91.669
90.1469
88.6245
87.1023
85.5801
84.0578
82.5357
81.0135
79.4909
77.9685
76.4463
74.9242
73.4016
71.8793
70.3572
68.8351
67.3124
65.7902
64.268
62.7455
61.2232
59.701
58.1787
56.6565
55.1342
53.6117
71.1431
70.3348
82.1388
93.5131
93.0432
101.584
105.005
108.427
111.847
115.268
118.689
122.11
125.53
128.951
132.372
135.793
139.214
142.635
146.056
149.477
152.897
156.318
159.739
163.16
166.581
170.002
173.423
176.844
180.264
183.685
187.106
190.527
193.948
197.369
200.79
204.21
207.632
211.051
214.473
217.894
221.315
224.736
228.157
231.577
234.999
238.419
241.84
245.26
248.681
252.103
255.523
258.944
262.365
265.786
269.207
272.628
276.049
263.964
266.804
259.38
252.305
254.87
250.1
249.498
248.897
248.295
247.693
247.091
246.489
245.887
245.284
244.683
244.081
243.479
242.877
242.276
241.673
241.072
240.47
239.867
239.266
238.664
238.062
237.46
236.859
236.257
235.655
235.053
234.451
233.849
233.247
232.645
232.044
231.441
230.84
230.238
229.635
229.034
228.431
227.83
227.228
226.626
226.023
225.423
224.82
224.218
223.616
223.014
222.413
221.81
221.209
220.607
220.004
219.403
218.801
218.199
217.597
216.996
216.394
215.791
215.189
214.588
213.986
213.384
212.782
212.18
211.578
210.977
210.374
209.773
209.171
208.568
207.967
207.365
206.763
206.161
205.559
204.957
204.355
203.753
203.152
202.55
201.948
201.346
200.743
200.141
199.539
198.938
198.336
197.734
197.133
196.53
195.928
195.326
194.724
194.123
193.521
192.92
192.317
191.715
184.132
183.269
177.785
172.458
171.47
167.182
164.769
162.356
159.942
157.53
155.117
152.704
150.292
147.879
145.465
143.053
140.64
138.227
135.814
133.401
130.988
128.575
126.162
123.749
121.336
118.924
116.511
114.098
111.685
109.272
106.859
104.446
102.033
99.6204
97.2072
94.7943
92.3817
89.9684
87.5554
85.1428
82.7297
80.317
77.9041
75.4914
73.0785
70.6654
82.0188
80.1214
87.3365
94.2414
92.5889
97.447
98.6053
99.7636
100.922
102.081
103.239
104.397
105.556
106.715
107.873
109.031
110.19
111.349
112.507
113.665
114.824
115.982
117.141
118.299
119.458
120.616
121.774
122.933
124.092
125.25
126.409
127.567
128.725
129.884
131.042
132.201
133.36
134.517
135.676
136.835
137.993
139.152
140.31
141.469
142.627
143.785
144.944
146.103
147.261
148.42
149.578
150.736
151.895
153.054
154.212
155.371
156.529
157.687
158.846
160.004
161.163
162.321
163.479
164.639
165.797
166.956
168.114
169.272
170.431
171.589
172.747
173.906
175.064
176.223
177.381
178.54
179.699
180.857
182.015
183.173
184.332
185.491
183.742
184.792
183.917
183.107
184.105
183.728
184.132
184.536
184.941
185.345
185.749
186.154
186.558
186.962
187.366
187.77
188.175
188.579
188.983
189.388
189.792
190.196
190.6
191.005
191.408
191.813
192.217
192.621
193.025
193.43
193.834
194.238
194.643
195.047
195.451
195.855
196.259
196.664
197.068
197.472
197.877
198.281
198.685
199.089
199.493
199.898
200.302
197.97
198.272
196.762
195.315
195.568
194.527
194.222
193.916
193.611
193.305
192.999
192.694
192.389
192.083
191.778
191.472
191.166
190.861
190.556
190.25
189.944
189.639
189.333
189.028
188.722
188.417
188.111
187.805
187.499
187.195
186.889
186.583
186.278
185.973
185.667
185.361
185.056
184.75
184.444
184.139
183.833
183.528
183.222
182.917
182.611
182.306
182.001
181.695
181.389
181.083
180.778
180.472
180.167
179.862
179.556
179.251
178.945
178.64
178.333
178.028
177.723
177.417
177.112
176.806
176.5
176.195
175.89
175.583
175.278
174.973
174.668
174.362
174.056
173.75
173.445
173.14
172.834
172.529
172.223
171.918
171.612
171.306
171.001
170.695
170.39
170.084
169.779
169.473
169.168
168.862
168.556
168.251
167.945
167.64
167.335
167.029
166.723
166.418
166.112
165.807
165.501
165.196
164.89
164.584
164.279
163.974
163.668
163.362
160.573
160.174
158.131
156.145
155.702
154.085
153.135
152.184
151.235
150.285
149.335
148.385
147.435
146.485
145.535
144.585
143.635
142.685
141.735
140.785
139.835
138.885
137.936
136.986
136.036
135.086
134.136
133.186
132.235
131.286
130.336
129.386
128.436
127.486
126.536
125.586
124.636
123.686
122.736
121.786
120.837
119.886
118.936
117.987
117.037
116.087
115.136
114.187
113.237
112.287
111.336
110.387
109.437
108.487
107.537
106.587
105.637
104.687
103.738
102.787
110.785
110.17
115.478
120.585
120.129
123.904
125.276
126.648
128.019
129.39
130.761
132.133
133.504
134.876
136.247
137.618
138.99
140.361
141.733
143.104
144.475
145.847
147.218
148.589
149.961
151.332
152.703
154.075
155.446
156.817
158.188
159.56
160.931
162.303
163.674
165.045
166.417
167.788
169.159
170.531
171.902
173.274
174.645
176.016
177.388
178.759
180.13
181.502
182.873
184.244
185.616
186.987
188.358
189.73
191.101
192.472
193.844
195.215
196.587
197.958
199.329
200.701
202.072
203.444
204.815
206.186
207.558
208.929
210.3
211.671
209.017
210.237
208.793
207.44
208.588
207.834
208.161
208.487
208.814
209.141
209.468
209.795
210.121
210.449
210.775
211.103
211.43
211.756
212.083
212.41
212.738
213.064
213.391
213.718
214.045
214.372
214.698
215.026
215.352
215.679
216.006
216.333
216.66
216.987
217.314
217.641
217.967
218.294
218.622
218.948
219.275
219.603
219.929
220.257
220.582
220.91
221.236
221.564
221.89
222.218
222.544
222.871
218.01
218.142
214.841
211.657
211.697
209.284
208.265
207.246
206.227
205.208
204.188
203.169
202.151
201.133
200.113
199.094
198.075
197.056
196.037
195.018
193.999
192.98
191.961
190.942
189.923
188.905
187.885
186.866
185.847
184.828
183.809
182.79
181.772
180.752
179.733
178.714
177.695
176.677
175.657
174.638
173.619
172.6
171.581
170.562
169.543
168.524
167.505
166.486
165.467
164.448
163.429
162.41
161.391
160.372
159.353
158.334
157.315
156.296
155.277
154.258
153.239
152.22
151.201
150.182
149.163
148.144
147.125
146.106
145.087
144.068
143.049
142.03
141.011
139.992
138.973
137.955
136.936
135.916
134.898
133.879
132.86
131.841
130.821
129.802
128.784
127.764
126.745
125.727
124.708
123.688
122.669
121.65
120.631
119.612
118.594
117.574
116.555
115.536
114.517
113.499
112.479
111.461
110.441
109.423
108.404
113.882
113.106
116.632
120.01
119.35
121.763
122.43
123.096
123.763
124.429
125.096
125.762
126.429
127.096
127.763
128.429
129.096
129.763
130.429
131.096
131.763
132.429
133.095
133.762
134.429
135.095
135.762
136.429
137.095
137.762
138.429
139.095
139.762
140.428
141.095
141.762
142.429
143.095
143.762
144.429
145.095
145.762
146.428
147.095
147.761
148.428
149.095
149.761
150.428
151.095
151.761
152.428
153.095
153.761
154.428
155.094
155.761
151.906
152.403
149.908
147.513
147.931
146.209
145.702
145.196
144.689
144.183
143.676
143.17
142.663
142.157
141.65
141.144
140.638
140.131
139.625
139.118
138.612
138.105
137.599
137.092
136.586
136.079
135.573
135.066
134.56
134.053
133.547
133.04
132.534
132.027
131.521
131.015
130.508
130.001
129.495
128.989
128.482
127.976
127.469
126.963
126.456
125.95
125.443
124.937
124.431
123.924
123.417
122.911
122.405
121.898
121.392
120.886
120.378
119.872
119.366
118.86
118.353
117.846
117.34
116.833
116.327
115.82
115.314
114.808
114.301
113.795
113.289
112.781
112.275
111.769
111.262
110.756
110.25
108.427
107.871
106.445
105.048
104.469
103.268
102.42
101.572
100.724
99.8764
99.0289
98.181
97.3333
96.4854
95.6377
94.7898
93.9418
93.0944
92.2466
91.3986
90.5508
89.7031
88.8553
88.0075
87.1599
86.3123
85.4643
84.6165
83.7686
82.921
82.0734
81.2254
80.3779
79.53
78.6822
77.8342
76.9866
76.1388
75.2911
74.4432
73.5953
72.7477
71.9001
71.052
70.2042
69.3565
71.6013
70.8696
72.1845
73.4302
72.753
73.5388
73.4934
73.4481
73.4024
73.357
73.3115
73.2659
73.2208
73.1754
73.1297
73.0842
73.0389
72.9932
72.9479
72.9024
72.857
72.8117
72.7662
72.7207
72.6751
72.6295
72.5844
72.5389
72.4934
72.4478
72.4025
72.3571
72.3115
72.266
72.2207
72.1753
72.1301
72.0842
72.0388
71.9933
71.948
71.9024
71.8571
71.8117
71.7662
71.7208
71.6752
71.6298
71.5844
71.5391
71.4935
71.4482
71.4023
71.3572
71.3118
71.2662
71.2207
71.1751
71.1297
71.0843
71.0389
70.9935
70.9479
70.9027
70.857
70.8118
70.7662
70.7209
70.6755
70.6301
70.5842
70.5389
70.4936
70.4481
70.4026
70.3572
70.3117
70.2662
70.2207
70.1755
70.1299
70.0845
70.039
69.9936
69.948
69.9025
69.8571
69.8116
69.7665
69.7206
69.6755
69.6301
69.5845
69.5392
69.4936
69.4482
69.4026
69.3572
69.3117
69.2663
69.221
69.1756
69.1299
69.0844
69.0392
68.9934
68.9481
68.9028
68.8571
68.8118
68.1104
68.04
67.5357
67.0462
66.9646
66.5725
66.3569
66.1412
65.9254
65.7097
65.4944
65.2787
65.063
64.8474
64.6316
64.4159
64.2002
63.9846
63.769
63.5531
63.3375
63.1219
62.9062
62.6904
62.4748
62.2592
62.0435
61.8278
61.6121
61.3964
61.1807
60.9651
60.7493
60.5336
60.3181
60.1023
59.8868
59.6711
59.4554
59.2397
59.0238
58.8083
58.5926
58.377
58.1612
57.9455
57.7299
57.5143
57.2986
57.0829
56.8672
58.323
58.1697
59.1232
60.0387
59.9155
60.5826
60.8005
61.0182
61.2363
61.4542
61.6722
61.8901
62.1081
62.326
62.544
62.7619
62.98
63.1977
63.4158
63.6337
63.8516
64.0694
64.2875
64.5052
64.7234
64.9414
65.1591
65.3771
65.5951
65.8131
66.0309
66.2488
66.4669
66.6847
66.9027
67.1206
67.3385
67.5566
67.7743
67.9925
68.2106
68.4282
68.6462
68.864
69.0819
69.3003
69.518
69.7359
69.9539
70.1717
70.3897
70.6077
70.8256
71.0436
71.2615
71.4795
71.6974
71.9152
72.1331
72.3512
72.569
72.7868
73.0049
73.2226
73.4407
73.6589
73.8767
74.0943
74.3127
74.5306
74.7483
74.9663
75.1842
75.4022
75.6199
75.838
76.0559
76.2739
94.6722
95.5714
108.504
121.028
122.25
132.071
137.005
141.939
146.874
151.809
156.743
161.677
166.612
171.547
176.481
181.415
186.35
191.285
196.219
201.154
206.088
211.022
215.957
220.892
225.826
230.761
235.695
240.63
245.565
250.498
255.433
260.368
265.303
270.237
275.171
280.106
285.04
289.975
294.91
299.844
304.777
309.713
314.647
319.582
324.516
329.451
311.038
315.098
303.703
292.835
296.48
289.082
287.96
286.837
285.715
284.593
283.47
282.347
281.225
280.102
278.979
277.857
276.735
275.612
274.49
273.367
272.243
271.121
269.999
268.877
267.754
266.632
265.509
264.386
263.264
262.141
261.018
259.896
258.773
257.651
256.528
255.405
254.283
253.16
252.038
250.915
249.794
248.67
247.547
246.425
245.302
244.18
243.058
241.934
240.812
239.69
238.567
237.444
236.322
235.199
234.077
232.954
231.831
230.709
229.586
228.464
227.341
226.218
225.096
223.973
222.85
221.728
220.606
219.482
218.36
217.238
216.115
214.992
213.87
212.747
211.625
210.501
209.38
208.257
207.135
206.012
204.889
203.767
202.643
201.521
200.398
199.276
198.154
197.032
195.908
194.786
193.663
192.541
191.418
190.296
189.173
188.05
186.928
185.805
184.683
183.56
182.438
181.315
180.192
179.07
177.947
176.825
174.406
173.235
171.205
169.205
168.011
166.203
164.744
163.285
161.827
160.368
158.909
157.45
155.991
154.532
153.073
151.614
150.155
148.696
147.237
145.778
144.319
142.861
141.401
139.943
138.483
137.025
135.566
134.107
132.648
131.189
129.73
128.271
126.812
125.353
123.894
122.435
120.976
119.517
118.058
116.599
115.141
113.682
112.223
110.764
109.305
107.846
106.387
104.928
103.469
102.01
100.551
99.0922
97.6334
96.1745
94.7154
93.2566
91.7972
90.3387
88.8795
87.421
85.9618
95.6713
94.6311
100.983
107.084
106.242
110.681
112.12
113.558
114.997
116.435
117.874
119.313
120.751
122.19
123.628
125.067
126.505
127.944
129.382
130.821
132.259
133.698
135.136
136.575
138.013
139.452
140.89
142.329
143.767
145.206
146.644
148.082
149.521
150.96
152.398
153.837
155.275
156.714
158.152
159.591
161.03
162.468
163.906
165.345
166.783
168.222
169.661
171.099
172.538
173.976
175.415
176.853
178.292
179.73
181.169
182.607
184.046
184.678
186.086
186.961
187.854
189.248
190.262
191.491
192.72
193.95
195.179
196.409
197.638
198.867
200.096
201.327
202.556
203.786
205.014
206.244
207.474
208.704
209.933
211.162
212.392
213.621
214.85
216.08
217.309
218.539
219.768
220.997
222.227
223.456
224.686
225.915
227.145
228.375
229.603
230.833
232.062
233.292
234.522
235.751
236.98
238.21
239.439
240.669
241.897
243.128
244.357
245.587
246.816
248.046
249.275
250.504
251.734
252.964
254.193
255.422
256.652
257.881
253.523
254.543
251.864
249.312
250.233
248.51
248.291
248.072
247.85
247.63
247.41
247.19
246.969
246.75
246.529
246.309
246.089
245.868
245.649
245.428
245.208
244.988
244.768
244.548
244.328
244.108
243.887
243.667
243.447
243.227
243.006
242.786
242.566
242.346
242.126
241.905
241.685
241.465
241.246
241.025
240.805
240.584
240.365
240.144
239.924
239.704
239.483
239.263
239.044
238.823
238.603
238.383
238.162
237.942
237.723
237.502
237.282
237.062
236.842
236.622
236.401
236.182
235.962
235.74
235.521
235.3
235.081
234.86
234.64
234.42
234.199
233.98
233.759
233.539
233.319
233.099
232.878
232.659
232.438
232.218
231.998
231.778
231.558
231.337
231.118
230.897
230.676
230.456
230.237
230.016
229.797
229.577
229.355
229.136
228.916
228.696
228.475
228.256
228.034
227.815
227.594
227.374
227.154
226.934
226.714
226.494
226.273
226.053
225.833
215.031
214.414
206.794
199.412
198.607
192.798
189.833
186.867
183.902
180.936
177.971
175.006
172.04
169.075
166.11
163.145
160.179
157.214
154.248
151.283
148.318
145.352
142.387
139.422
136.456
133.491
130.525
127.56
124.595
121.629
118.664
115.699
112.733
109.768
106.802
103.837
100.872
97.9067
94.9412
91.9758
89.0105
86.0453
83.0798
80.1143
77.1494
74.1837
71.2183
68.2528
65.2877
62.3222
59.3568
56.3916
53.4261
50.461
47.4957
44.5302
41.5647
38.5996
48.1884
45.6937
51.5084
57.0409
54.7688
58.4342
58.726
59.0177
59.3093
59.6008
59.8926
60.1842
60.4757
60.7675
61.0592
61.3508
61.6423
61.9342
62.2258
62.5175
62.8091
63.1005
63.3923
63.6839
63.9758
64.2673
64.5589
64.8507
65.1422
65.434
65.7254
66.0172
66.3087
66.6004
66.8923
67.1836
67.4755
67.7669
68.0587
68.3504
68.6421
68.9338
69.2251
69.517
69.8086
70.1003
70.3919
70.6837
70.9752
71.2667
71.5585
71.8502
72.142
72.4336
72.7251
73.017
73.3084
73.6003
73.8919
74.1833
74.4752
74.7668
75.0581
75.35
75.6418
75.9333
76.225
76.5166
76.8081
77.0998
77.3916
77.6833
84.2447
84.7716
89.448
93.9835
94.6216
98.2248
100.143
102.061
103.979
105.898
107.816
109.734
111.653
113.571
115.489
117.407
119.326
121.244
123.162
125.08
126.999
128.917
130.835
132.753
134.671
136.59
138.508
140.427
142.345
144.263
146.181
148.1
150.018
151.936
153.854
155.773
157.691
159.609
161.527
163.446
165.364
167.282
169.2
171.119
173.037
174.955
176.873
178.792
180.71
172.435
173.971
168.759
163.777
165.132
161.667
160.941
160.214
159.488
158.762
158.035
157.309
156.582
155.856
155.13
154.404
153.677
152.951
152.224
151.498
150.771
150.045
149.319
148.592
147.866
147.14
146.413
145.686
144.96
144.234
143.507
142.781
142.055
141.329
140.602
139.876
139.15
138.423
137.697
136.97
136.244
135.518
134.791
134.065
133.338
132.612
131.885
131.159
130.433
129.707
128.98
128.254
127.527
126.801
126.075
125.348
124.622
123.896
123.169
122.443
121.716
120.99
120.264
119.537
118.811
118.084
117.358
116.632
115.905
115.179
114.452
113.726
113.0
112.274
111.547
110.821
110.094
109.368
108.642
107.915
107.189
106.462
105.736
105.01
104.283
103.557
102.831
102.104
101.378
100.652
99.9253
99.1987
98.4724
97.7462
97.0199
96.2928
95.5669
94.8406
94.1142
93.3877
92.6614
91.9349
91.2087
90.4823
89.756
89.0295
94.0109
93.4981
96.7637
99.9003
99.4893
101.777
102.532
103.286
104.041
104.795
105.549
106.304
107.058
107.812
108.567
109.321
110.075
110.83
111.584
112.338
113.093
113.847
114.601
115.356
116.11
116.864
117.619
118.373
119.127
119.882
120.636
121.39
122.145
122.899
123.653
124.408
125.162
125.916
126.671
127.425
128.179
128.934
129.688
130.442
131.197
131.951
132.705
133.46
134.214
134.969
135.723
136.477
137.232
137.986
138.741
139.495
140.249
134.074
134.569
130.476
126.54
126.912
124.006
122.963
121.92
120.876
119.833
118.789
117.746
116.703
115.659
114.615
113.572
112.529
111.485
110.442
109.398
108.355
107.311
106.268
105.225
104.181
103.138
102.094
101.051
100.008
98.9643
97.9204
96.877
95.8338
94.7905
93.7473
92.7038
91.6602
90.6169
89.5733
88.5298
87.4865
86.443
85.3997
84.3561
83.3126
82.2694
81.2259
80.1822
79.1389
78.0957
77.0525
76.0088
74.9655
73.9219
72.8786
71.8352
70.7919
69.7483
68.7051
67.6616
66.6182
65.5747
64.5312
63.4877
62.4444
61.401
60.3576
59.3142
58.2706
72.17
71.6864
81.0938
90.1643
89.9463
96.7949
99.6282
102.462
105.295
108.128
110.961
113.794
116.627
119.46
122.294
125.127
127.96
130.793
133.626
136.459
139.293
142.126
144.959
147.792
150.625
153.459
156.292
159.125
161.958
164.791
167.624
170.458
173.291
176.124
178.957
181.79
184.624
187.456
190.29
193.123
195.957
198.79
201.623
204.456
207.29
210.122
212.955
215.789
218.621
221.455
224.288
227.122
229.954
232.788
223.344
225.717
219.964
214.487
216.643
212.992
212.639
212.288
211.936
211.584
211.232
210.881
210.528
210.177
209.825
209.473
209.121
208.769
208.418
208.066
207.714
207.361
207.011
206.658
206.307
205.955
205.603
205.251
204.899
204.548
204.196
203.844
203.492
203.14
202.788
202.436
202.085
201.734
201.381
201.029
200.677
200.325
199.974
199.623
199.27
198.918
198.566
198.215
197.863
197.511
197.16
196.807
196.456
196.103
195.751
195.4
195.048
194.697
194.344
193.993
193.641
193.289
192.937
192.585
192.234
191.882
191.53
191.178
190.826
190.474
190.123
189.77
189.419
189.067
188.715
188.364
188.012
187.66
187.307
186.956
186.605
186.252
185.9
185.549
185.197
184.845
184.493
184.141
183.789
183.437
183.086
182.734
182.382
182.03
181.678
181.326
180.974
180.623
180.271
179.919
179.568
179.216
178.863
178.512
178.16
177.808
177.456
177.104
169.615
168.995
163.652
158.469
157.723
153.601
151.397
149.194
146.99
144.787
142.583
140.379
138.176
135.972
133.769
131.565
129.362
127.158
124.954
122.751
120.547
118.343
116.14
113.936
111.733
109.529
107.326
105.122
102.919
100.715
98.5115
96.3078
94.1042
91.9006
89.6972
87.4935
85.2898
83.0861
80.8826
78.6791
76.4755
74.2717
72.0682
69.8645
67.6612
65.4578
63.2541
61.0505
58.8467
56.6434
54.4398
52.2361
50.0326
47.829
54.4121
52.5378
56.4792
60.2232
58.5049
60.9422
61.018
61.0939
61.1697
61.2458
61.3217
61.3978
61.4737
61.5496
61.6254
61.7016
61.7775
61.8534
61.9294
62.0053
62.0812
62.1572
62.2332
62.309
62.3849
62.4611
62.5368
62.6129
62.6889
62.7648
62.8406
62.9166
62.9926
63.0685
63.1444
63.2206
63.2964
63.3721
63.4484
63.5243
63.6001
63.6761
63.7521
63.828
63.9039
63.9798
64.0558
64.1318
64.2077
64.2834
64.3597
64.4354
64.5115
64.5874
64.6633
64.7394
64.8154
64.8913
64.9672
65.0432
65.119
65.1952
65.2709
65.3469
65.4228
65.4988
65.5748
65.6508
65.7267
65.8026
65.8785
65.9545
66.0304
66.1064
66.1822
66.2584
66.334
66.4098
66.4859
82.088
82.746
93.6806
104.266
105.199
113.476
117.58
121.684
125.787
129.891
133.995
138.099
142.203
146.307
150.411
154.515
158.619
162.723
166.827
170.931
175.035
179.138
183.243
187.346
191.451
195.554
199.658
203.762
207.866
211.971
216.074
220.178
224.283
228.386
232.49
236.594
240.698
244.802
248.906
253.01
257.114
261.217
265.322
269.426
273.53
277.633
281.738
285.842
273.363
276.845
269.351
262.231
265.419
260.764
260.568
260.369
260.171
259.972
259.774
259.576
259.379
259.18
258.983
258.785
258.586
258.388
258.19
257.992
257.793
257.595
257.397
257.2
257.002
256.803
256.605
256.408
256.209
256.01
255.812
255.615
255.417
255.219
255.02
254.822
254.625
254.425
254.228
254.03
253.832
253.634
253.436
253.237
253.038
252.841
252.642
252.445
252.247
252.049
251.851
251.653
251.454
251.256
251.057
250.859
250.662
250.465
250.265
250.067
249.87
249.671
249.474
249.274
249.077
248.879
248.68
248.482
248.285
248.087
247.888
247.69
247.493
247.294
247.097
246.898
246.7
246.501
246.304
246.105
245.907
245.71
245.511
245.313
245.115
244.917
244.719
244.521
244.323
244.124
243.926
243.729
243.531
243.331
243.134
242.936
242.738
242.539
242.342
242.143
241.945
241.747
241.549
241.351
241.153
240.955
227.744
227.058
217.761
208.755
207.838
200.767
197.193
193.62
190.046
186.471
182.898
179.324
175.75
172.176
168.602
165.028
161.455
157.881
154.307
150.733
147.159
143.585
140.011
136.437
132.863
129.29
125.715
122.142
118.568
114.994
111.42
107.846
104.272
100.699
97.1242
93.5506
89.9765
86.4028
82.8291
79.2552
75.681
72.1074
68.5333
64.9595
61.3859
57.812
54.2381
50.6642
47.0903
43.5163
39.9425
36.3687
32.7948
29.2209
41.5584
38.5806
46.1349
53.3309
50.6359
55.4657
56.0198
56.5739
57.1278
57.6819
58.2359
58.7899
59.344
59.898
60.4519
61.006
61.5601
62.1141
62.6682
63.2221
63.7761
64.3302
64.8842
65.4382
65.9922
66.5462
67.1002
67.6543
68.2082
68.7623
69.3162
69.8703
70.4243
70.9785
71.5324
72.0864
72.6405
73.1943
73.7485
74.3026
74.8565
75.4106
75.9644
76.5187
77.0727
77.6267
78.1807
78.7346
79.2888
79.8425
80.397
80.9507
81.5049
82.059
82.6129
83.1668
83.7208
84.2748
84.8287
85.3829
85.9368
86.4913
87.045
87.5991
88.1529
88.7073
89.2611
89.8152
90.3693
90.9233
91.4771
92.0311
92.5854
93.1391
100.823
101.644
107.185
112.565
113.513
117.832
120.236
122.64
125.043
127.447
129.851
132.255
134.658
137.062
139.466
141.869
144.273
146.677
149.08
151.484
153.888
156.292
158.695
161.099
163.503
165.907
168.31
170.714
173.118
175.521
177.925
180.329
182.732
185.136
187.54
189.944
192.347
194.751
197.155
199.558
201.963
204.366
206.77
209.173
211.577
213.981
216.385
218.788
221.192
223.596
225.999
228.403
219.783
221.774
216.466
211.409
213.203
209.785
209.329
208.872
208.416
207.959
207.503
207.047
206.591
206.135
205.679
205.222
204.766
204.309
203.853
203.397
202.941
202.485
202.028
201.571
201.116
200.659
200.202
199.747
199.29
198.835
198.378
197.922
197.465
197.009
196.553
196.096
195.64
195.184
194.728
194.271
193.814
193.359
192.902
192.446
191.99
191.533
191.077
190.62
190.164
189.708
189.252
188.795
188.34
187.884
187.427
186.97
186.514
186.058
185.603
185.146
184.69
184.233
183.777
183.32
182.864
182.408
181.951
181.495
181.039
180.583
180.127
179.67
179.214
178.758
178.302
177.845
177.388
176.932
176.476
176.019
175.564
175.107
174.651
174.195
173.738
173.282
172.826
172.369
171.913
171.457
171.0
170.544
170.088
169.632
169.175
168.719
168.263
167.806
167.35
166.894
166.438
165.981
165.526
162.043
161.473
158.901
156.396
155.773
153.718
152.477
151.235
149.994
148.753
147.512
146.27
145.029
143.788
142.547
141.305
140.064
138.823
137.581
136.34
135.099
133.857
132.616
131.374
130.133
128.892
127.651
126.41
125.168
123.927
122.685
121.444
120.203
118.961
117.72
116.479
115.238
113.997
112.755
111.514
110.273
109.031
107.79
106.549
105.307
104.065
102.825
101.583
100.342
99.1007
97.8592
96.6177
95.3768
94.1351
92.894
91.6527
90.4115
89.1701
95.1227
94.1506
97.9405
101.569
100.725
103.283
103.908
104.532
105.157
105.783
106.407
107.033
107.657
108.282
108.907
109.532
110.157
110.782
111.407
112.032
112.657
113.282
113.907
114.532
115.157
115.782
116.407
117.032
117.657
118.282
118.907
119.532
120.157
120.781
121.407
122.031
122.656
123.281
123.906
124.531
125.157
125.781
126.407
127.031
127.656
128.281
128.907
129.532
130.157
130.781
131.406
132.031
132.656
133.281
133.906
134.531
135.156
135.781
136.406
137.031
137.656
138.281
138.905
139.531
134.433
134.844
131.467
128.219
128.527
126.13
125.27
124.41
123.551
122.691
121.832
120.972
120.113
119.253
118.394
117.534
116.674
115.814
114.955
114.095
113.236
112.376
111.516
110.657
109.797
108.938
108.078
107.219
106.359
105.499
104.64
103.78
102.921
102.061
101.201
100.342
99.4823
98.6222
97.7629
96.9032
96.0436
95.1839
94.3242
93.4645
92.6052
91.7456
90.8857
90.0263
89.1669
88.3075
87.4476
86.5882
85.7284
84.8689
84.0096
